,pep_seq,pep_start,pep_end,missed_cleaves,mass1,hyd_count,deam_count,species,genus,subfamily,family,order,pep_diff,pep_id,pep_score
0,SGHPGPVGPAGVR,2046,2058,0,1187.62798047631,0,0,Mastomys coucha,Mastomys,Murinae,Muridae,Rodentia,12,343,69.73
1,SGHPGPVGPAGVR,2046,2058,0,1203.62213047631,1,0,Mastomys coucha,Mastomys,Murinae,Muridae,Rodentia,12,343,60.07
2,DGRSGHPGPVGPAGVR,2043,2058,1,1531.77164824431,1,0,Mastomys coucha,Mastomys,Murinae,Muridae,Rodentia,15,342,51.0
3,DGRSGHPGPVGPAGVR,2043,2058,1,1515.77749824431,0,0,Mastomys coucha,Mastomys,Murinae,Muridae,Rodentia,15,342,49.78
4,GPAGPSGPIGKDGR,2032,2045,1,1265.65967452741,0,0,Mastomys coucha,Mastomys,Murinae,Muridae,Rodentia,13,340,68.44
5,GPAGPSGPIGKDGR,2032,2045,1,1281.65382452741,1,0,Mastomys coucha,Mastomys,Murinae,Muridae,Rodentia,13,340,60.82
6,GPAGPSGPIGKDGR,2032,2045,1,1297.64797452741,2,0,Mastomys coucha,Mastomys,Murinae,Muridae,Rodentia,13,340,4.97
7,GPAGPSGPIGK,2032,2042,0,937.51015675941,0,0,Mastomys coucha,Mastomys,Murinae,Muridae,Rodentia,10,339,63.59
8,GPAGPSGPIGK,2032,2042,0,953.50430675941,1,0,Mastomys coucha,Mastomys,Murinae,Muridae,Rodentia,10,339,43.69
9,GPAGPSGPIGK,2032,2042,0,969.49845675941,2,0,Mastomys coucha,Mastomys,Murinae,Muridae,Rodentia,10,339,40.53
10,GPAGPSGPIGK,2032,2042,0,985.49260675941,3,0,Mastomys coucha,Mastomys,Murinae,Muridae,Rodentia,10,339,12.98
11,GHNGLQGLPGLAGLHGDQGAPGPVGPAGPR,2002,2031,0,2787.3905849920898,2,1,Mastomys coucha,Mastomys,Murinae,Muridae,Rodentia,29,338,42.26
12,GHNGLQGLPGLAGLHGDQGAPGPVGPAGPR,2002,2031,0,2786.40656899209,2,0,Mastomys coucha,Mastomys,Murinae,Muridae,Rodentia,29,338,41.05
13,GHNGLQGLPGLAGLHGDQGAPGPVGPAGPR,2002,2031,0,2789.35861699209,2,3,Mastomys coucha,Mastomys,Murinae,Muridae,Rodentia,29,338,37.44
14,GHNGLQGLPGLAGLHGDQGAPGPVGPAGPR,2002,2031,0,2771.39643499209,1,1,Mastomys coucha,Mastomys,Murinae,Muridae,Rodentia,29,338,32.86
15,GHNGLQGLPGLAGLHGDQGAPGPVGPAGPR,2002,2031,0,2755.40228499209,0,1,Mastomys coucha,Mastomys,Murinae,Muridae,Rodentia,29,338,28.05
16,GHNGLQGLPGLAGLHGDQGAPGPVGPAGPR,2002,2031,0,2770.41241899209,1,0,Mastomys coucha,Mastomys,Murinae,Muridae,Rodentia,29,338,27.32
17,GHNGLQGLPGLAGLHGDQGAPGPVGPAGPR,2002,2031,0,2802.40071899209,3,0,Mastomys coucha,Mastomys,Murinae,Muridae,Rodentia,29,338,12.95
18,GHNGLQGLPGLAGLHGDQGAPGPVGPAGPR,2002,2031,0,2788.37460099209,2,2,Mastomys coucha,Mastomys,Murinae,Muridae,Rodentia,29,338,6.95
19,GHNGLQGLPGLAGLHGDQGAPGPVGPAGPR,2002,2031,0,2756.38630099209,0,2,Mastomys coucha,Mastomys,Murinae,Muridae,Rodentia,29,338,0.9
20,GLPGLKGHNGLQGLPGLAGLHGDQGAPGPVGPAGPR,1996,2031,1,3368.7435172503397,3,1,Mastomys coucha,Mastomys,Murinae,Muridae,Rodentia,35,337,20.16
21,GLPGLKGHNGLQGLPGLAGLHGDQGAPGPVGPAGPR,1996,2031,1,3321.74508325034,0,2,Mastomys coucha,Mastomys,Murinae,Muridae,Rodentia,35,337,7.85
22,GLPGLKGHNGLQGLPGLAGLHGDQGAPGPVGPAGPR,1996,2031,1,3338.72324925034,1,3,Mastomys coucha,Mastomys,Murinae,Muridae,Rodentia,35,337,5.16
23,GLPGLKGHNGLQGLPGLAGLHGDQGAPGPVGPAGPR,1996,2031,1,3402.69984925034,5,3,Mastomys coucha,Mastomys,Murinae,Muridae,Rodentia,35,337,3.38
24,GLPGLKGHNGLQGLPGLAGLHGDQGAPGPVGPAGPR,1996,2031,1,3369.72753325034,3,2,Mastomys coucha,Mastomys,Murinae,Muridae,Rodentia,35,337,3.1
25,GDKGEPGDK,1984,1992,1,918.41555132466,1,0,Mastomys coucha,Mastomys,Murinae,Muridae,Rodentia,8,335,33.8
26,GEPGDKGPR,1987,1995,1,928.44752015928,1,0,Mastomys coucha,Mastomys,Murinae,Muridae,Rodentia,8,335,33.8
27,GEPGDKGPR,1987,1995,1,944.44167015928,2,0,Mastomys coucha,Mastomys,Murinae,Muridae,Rodentia,8,335,7.67
28,GPRGLPGLK,1993,2001,1,926.54026200174,2,0,Mastomys coucha,Mastomys,Murinae,Muridae,Rodentia,8,335,7.67
29,GDKGEPGDK,1984,1992,1,902.42140132466,0,0,Mastomys coucha,Mastomys,Murinae,Muridae,Rodentia,8,333,16.48
30,GEPGDKGPR,1987,1995,1,912.45337015928,0,0,Mastomys coucha,Mastomys,Murinae,Muridae,Rodentia,8,333,16.48
31,GPSGPQGIRGDK,1975,1986,1,1168.60691067856,0,0,Mastomys coucha,Mastomys,Murinae,Muridae,Rodentia,11,330,29.7
32,GPSGPQGIRGDK,1975,1986,1,1184.60106067856,1,0,Mastomys coucha,Mastomys,Murinae,Muridae,Rodentia,11,330,9.06
33,GPSGPQGIRGDK,1975,1986,1,1185.5850766785602,1,1,Mastomys coucha,Mastomys,Murinae,Muridae,Rodentia,11,330,5.51
34,GPSGPQGIRGDK,1975,1986,1,1169.5909266785602,0,1,Mastomys coucha,Mastomys,Murinae,Muridae,Rodentia,11,330,2.46
35,GPSGPQGIR,1975,1983,0,868.46354092016,0,0,Mastomys coucha,Mastomys,Murinae,Muridae,Rodentia,8,329,68.2
36,GPSGPQGIR,1975,1983,0,869.44755692016,0,1,Mastomys coucha,Mastomys,Murinae,Muridae,Rodentia,8,329,49.99
37,GPSGPQGIR,1975,1983,0,885.44170692016,1,1,Mastomys coucha,Mastomys,Murinae,Muridae,Rodentia,8,329,32.02
38,GPSGPQGIR,1975,1983,0,884.45769092016,1,0,Mastomys coucha,Mastomys,Murinae,Muridae,Rodentia,8,329,13.94
39,GEPGPAGSVGPVGAVGPRGPSGPQGIR,1957,1983,1,2427.23674646321,1,1,Mastomys coucha,Mastomys,Murinae,Muridae,Rodentia,26,328,34.6
40,GEPGPAGSVGPVGAVGPRGPSGPQGIR,1957,1983,1,2426.25273046321,1,0,Mastomys coucha,Mastomys,Murinae,Muridae,Rodentia,26,328,10.77
41,GEPGPAGSVGPVGAVGPR,1957,1974,0,1576.80703069352,1,0,Mastomys coucha,Mastomys,Murinae,Muridae,Rodentia,17,327,92.01
42,GEPGPAGSVGPVGAVGPR,1957,1974,0,1560.81288069352,0,0,Mastomys coucha,Mastomys,Murinae,Muridae,Rodentia,17,327,82.79
43,GEPGPAGSVGPVGAVGPR,1957,1974,0,1592.80118069352,2,0,Mastomys coucha,Mastomys,Murinae,Muridae,Rodentia,17,327,37.5
44,HGNRGEPGPAGSVGPVGAVGPR,1953,1974,1,2041.03144473728,1,0,Mastomys coucha,Mastomys,Murinae,Muridae,Rodentia,21,326,69.87
45,HGNRGEPGPAGSVGPVGAVGPR,1953,1974,1,2042.01546073728,1,1,Mastomys coucha,Mastomys,Murinae,Muridae,Rodentia,21,326,59.99
46,HGNRGEPGPAGSVGPVGAVGPR,1953,1974,1,2073.01974473728,3,0,Mastomys coucha,Mastomys,Murinae,Muridae,Rodentia,21,326,6.93
47,HGNRGEPGPAGSVGPVGAVGPR,1953,1974,1,2074.00376073728,3,1,Mastomys coucha,Mastomys,Murinae,Muridae,Rodentia,21,326,5.97
48,HGNRGEPGPAGSVGPVGAVGPR,1953,1974,1,2058.00961073728,2,1,Mastomys coucha,Mastomys,Murinae,Muridae,Rodentia,21,326,2.52
49,GYPGSIGPTGAAGAPGPHGSVGPAGK,1927,1952,0,2249.0930055907597,2,0,Mastomys coucha,Mastomys,Murinae,Muridae,Rodentia,25,325,87.12
50,GYPGSIGPTGAAGAPGPHGSVGPAGK,1927,1952,0,2281.0813055907597,4,0,Mastomys coucha,Mastomys,Murinae,Muridae,Rodentia,25,325,50.98
51,GYPGSIGPTGAAGAPGPHGSVGPAGK,1927,1952,0,2233.0988555907597,1,0,Mastomys coucha,Mastomys,Murinae,Muridae,Rodentia,25,325,22.21
52,GYPGSIGPTGAAGAPGPHGSVGPAGK,1927,1952,0,2297.0754555907597,5,0,Mastomys coucha,Mastomys,Murinae,Muridae,Rodentia,25,325,21.05
53,GYPGSIGPTGAAGAPGPHGSVGPAGK,1927,1952,0,2265.0871555907597,3,0,Mastomys coucha,Mastomys,Murinae,Muridae,Rodentia,25,325,5.73
54,DGQPGPKGER,1917,1926,1,1057.49011366456,1,1,Mastomys coucha,Mastomys,Murinae,Muridae,Rodentia,9,323,57.41
55,DGQPGPKGER,1917,1926,1,1072.50024766456,2,0,Mastomys coucha,Mastomys,Murinae,Muridae,Rodentia,9,323,34.64
56,DGQPGPKGER,1917,1926,1,1056.50609766456,1,0,Mastomys coucha,Mastomys,Murinae,Muridae,Rodentia,9,323,28.77
57,DGQPGPKGER,1917,1926,1,1040.51194766456,0,0,Mastomys coucha,Mastomys,Murinae,Muridae,Rodentia,9,323,18.14
58,DGNPGSDGPPGRDGQPGPK,1905,1923,1,1852.80332917792,3,0,Mastomys coucha,Mastomys,Murinae,Muridae,Rodentia,18,320,15.43
59,DGNPGSDGPPGRDGQPGPK,1905,1923,1,1836.80917917792,2,0,Mastomys coucha,Mastomys,Murinae,Muridae,Rodentia,18,320,8.78
60,DGNPGSDGPPGRDGQPGPK,1905,1923,1,1806.78891117792,0,2,Mastomys coucha,Mastomys,Murinae,Muridae,Rodentia,18,320,2.57
61,DGNPGSDGPPGR,1905,1916,0,1141.48609049597,1,0,Mastomys coucha,Mastomys,Murinae,Muridae,Rodentia,11,319,62.97
62,DGNPGSDGPPGR,1905,1916,0,1157.48024049597,2,0,Mastomys coucha,Mastomys,Murinae,Muridae,Rodentia,11,319,57.44
63,DGNPGSDGPPGR,1905,1916,0,1142.4701064959702,1,1,Mastomys coucha,Mastomys,Murinae,Muridae,Rodentia,11,319,43.68
64,DGNPGSDGPPGR,1905,1916,0,1125.49194049597,0,0,Mastomys coucha,Mastomys,Murinae,Muridae,Rodentia,11,319,40.64
65,DGNPGSDGPPGR,1905,1916,0,1158.4642564959702,2,1,Mastomys coucha,Mastomys,Murinae,Muridae,Rodentia,11,319,33.61
66,DGNPGSDGPPGR,1905,1916,0,1173.47439049597,3,0,Mastomys coucha,Mastomys,Murinae,Muridae,Rodentia,11,319,12.65
67,DGNPGSDGPPGR,1905,1916,0,1126.4759564959702,0,1,Mastomys coucha,Mastomys,Murinae,Muridae,Rodentia,11,319,7.48
68,DGNPGSDGPPGR,1905,1916,0,1174.4584064959702,3,1,Mastomys coucha,Mastomys,Murinae,Muridae,Rodentia,11,319,6.44
69,GPPGAVGSPGVNGAPGEAGRDGNPGSDGPPGR,1885,1916,1,2842.30837107245,2,0,Mastomys coucha,Mastomys,Murinae,Muridae,Rodentia,31,317,42.56
70,GPPGAVGSPGVNGAPGEAGRDGNPGSDGPPGR,1885,1916,1,2891.27483707245,5,1,Mastomys coucha,Mastomys,Murinae,Muridae,Rodentia,31,317,35.2
71,GPPGAVGSPGVNGAPGEAGRDGNPGSDGPPGR,1885,1916,1,2859.28653707245,3,1,Mastomys coucha,Mastomys,Murinae,Muridae,Rodentia,31,317,34.81
72,GPPGAVGSPGVNGAPGEAGRDGNPGSDGPPGR,1885,1916,1,2875.28068707245,4,1,Mastomys coucha,Mastomys,Murinae,Muridae,Rodentia,31,317,25.25
73,GPPGAVGSPGVNGAPGEAGRDGNPGSDGPPGR,1885,1916,1,2876.26470307245,4,2,Mastomys coucha,Mastomys,Murinae,Muridae,Rodentia,31,317,23.49
74,GPPGAVGSPGVNGAPGEAGRDGNPGSDGPPGR,1885,1916,1,2874.29667107245,4,0,Mastomys coucha,Mastomys,Murinae,Muridae,Rodentia,31,317,23.32
75,GPPGAVGSPGVNGAPGEAGRDGNPGSDGPPGR,1885,1916,1,2890.29082107245,5,0,Mastomys coucha,Mastomys,Murinae,Muridae,Rodentia,31,317,21.11
76,GPPGAVGSPGVNGAPGEAGRDGNPGSDGPPGR,1885,1916,1,2892.25885307245,5,2,Mastomys coucha,Mastomys,Murinae,Muridae,Rodentia,31,317,14.48
77,GPPGAVGSPGVNGAPGEAGRDGNPGSDGPPGR,1885,1916,1,2858.30252107245,3,0,Mastomys coucha,Mastomys,Murinae,Muridae,Rodentia,31,317,13.86
78,GPPGAVGSPGVNGAPGEAGRDGNPGSDGPPGR,1885,1916,1,2908.25300307245,6,2,Mastomys coucha,Mastomys,Murinae,Muridae,Rodentia,31,317,3.33
79,GPPGAVGSPGVNGAPGEAGRDGNPGSDGPPGR,1885,1916,1,2843.29238707245,2,1,Mastomys coucha,Mastomys,Murinae,Muridae,Rodentia,31,317,1.36
80,GPPGAVGSPGVNGAPGEAGR,1885,1904,0,1752.81243772695,3,1,Mastomys coucha,Mastomys,Murinae,Muridae,Rodentia,19,316,93.42
81,GPPGAVGSPGVNGAPGEAGR,1885,1904,0,1751.82842172695,3,0,Mastomys coucha,Mastomys,Murinae,Muridae,Rodentia,19,316,91.49
82,GPPGAVGSPGVNGAPGEAGR,1885,1904,0,1736.81828772695,2,1,Mastomys coucha,Mastomys,Murinae,Muridae,Rodentia,19,316,83.24
83,GPPGAVGSPGVNGAPGEAGR,1885,1904,0,1735.83427172695,2,0,Mastomys coucha,Mastomys,Murinae,Muridae,Rodentia,19,316,78.69
84,GPPGAVGSPGVNGAPGEAGR,1885,1904,0,1767.82257172695,4,0,Mastomys coucha,Mastomys,Murinae,Muridae,Rodentia,19,316,2.7
85,GLPGIAGALGEPGPLGIAGPPGAR,1861,1884,0,2143.1482992953397,3,0,Mastomys coucha,Mastomys,Murinae,Muridae,Rodentia,23,314,136.03
86,GLPGIAGALGEPGPLGIAGPPGAR,1861,1884,0,2127.1541492953397,2,0,Mastomys coucha,Mastomys,Murinae,Muridae,Rodentia,23,314,121.37
87,GLPGIAGALGEPGPLGIAGPPGAR,1861,1884,0,2159.1424492953397,4,0,Mastomys coucha,Mastomys,Murinae,Muridae,Rodentia,23,314,67.52
88,GLPGIAGALGEPGPLGIAGPPGAR,1861,1884,0,2111.1599992953397,1,0,Mastomys coucha,Mastomys,Murinae,Muridae,Rodentia,23,314,64.94
89,GLPGIAGALGEPGPLGIAGPPGAR,1861,1884,0,2175.1365992953397,5,0,Mastomys coucha,Mastomys,Murinae,Muridae,Rodentia,23,314,0.33
90,GERGLPGIAGALGEPGPLGIAGPPGAR,1858,1884,1,2485.3134671274797,3,0,Mastomys coucha,Mastomys,Murinae,Muridae,Rodentia,26,313,80.92
91,GERGLPGIAGALGEPGPLGIAGPPGAR,1858,1884,1,2501.3076171274797,4,0,Mastomys coucha,Mastomys,Murinae,Muridae,Rodentia,26,313,0.23
92,GPSGEPGTAGPPGTAGPQGLLGAPGILGLPGSRGER,1825,1860,1,3315.65256345282,5,0,Mastomys coucha,Mastomys,Murinae,Muridae,Rodentia,35,312,52.14
93,GPSGEPGTAGPPGTAGPQGLLGAPGILGLPGSR,1825,1857,0,2957.49324562068,4,0,Mastomys coucha,Mastomys,Murinae,Muridae,Rodentia,32,311,46.09
94,GPSGEPGTAGPPGTAGPQGLLGAPGILGLPGSR,1825,1857,0,2973.48739562068,5,0,Mastomys coucha,Mastomys,Murinae,Muridae,Rodentia,32,311,36.36
95,GPSGEPGTAGPPGTAGPQGLLGAPGILGLPGSR,1825,1857,0,2974.4714116206796,5,1,Mastomys coucha,Mastomys,Murinae,Muridae,Rodentia,32,311,31.67
96,GPSGEPGTAGPPGTAGPQGLLGAPGILGLPGSR,1825,1857,0,2958.4772616206797,4,1,Mastomys coucha,Mastomys,Murinae,Muridae,Rodentia,32,311,27.82
97,GPSGEPGTAGPPGTAGPQGLLGAPGILGLPGSR,1825,1857,0,2925.50494562068,2,0,Mastomys coucha,Mastomys,Murinae,Muridae,Rodentia,32,311,19.53
98,GPSGEPGTAGPPGTAGPQGLLGAPGILGLPGSR,1825,1857,0,2941.49909562068,3,0,Mastomys coucha,Mastomys,Murinae,Muridae,Rodentia,32,311,11.36
99,GPSGEPGTAGPPGTAGPQGLLGAPGILGLPGSR,1825,1857,0,2942.4831116206797,3,1,Mastomys coucha,Mastomys,Murinae,Muridae,Rodentia,32,311,5.14
100,TGETGASGPPGFAGEK,1809,1824,0,1478.67501346446,1,0,Mastomys coucha,Mastomys,Murinae,Muridae,Rodentia,15,310,80.82
101,TGETGASGPPGFAGEK,1809,1824,0,1494.66916346446,2,0,Mastomys coucha,Mastomys,Murinae,Muridae,Rodentia,15,310,56.65
102,TGETGASGPPGFAGEK,1809,1824,0,1462.68086346446,0,0,Mastomys coucha,Mastomys,Murinae,Muridae,Rodentia,15,310,47.36
103,GPRGDQGPVGR,1798,1808,1,1095.56538021975,0,0,Mastomys coucha,Mastomys,Murinae,Muridae,Rodentia,10,307,50.53
104,GPRGDQGPVGR,1798,1808,1,1127.55368021975,2,0,Mastomys coucha,Mastomys,Murinae,Muridae,Rodentia,10,307,10.64
105,GPRGDQGPVGR,1798,1808,1,1112.5435462197502,1,1,Mastomys coucha,Mastomys,Murinae,Muridae,Rodentia,10,307,1.57
106,GPRGDQGPVGR,1798,1808,1,1128.5376962197502,2,1,Mastomys coucha,Mastomys,Murinae,Muridae,Rodentia,10,307,0.25
107,TGPPGPSGITGPPGPPGAAGKEGIR,1773,1797,1,2305.1380558473197,5,0,Mastomys coucha,Mastomys,Murinae,Muridae,Rodentia,24,304,12.56
108,TGPPGPSGITGPPGPPGAAGKEGIR,1773,1797,1,2273.1497558473197,3,0,Mastomys coucha,Mastomys,Murinae,Muridae,Rodentia,24,304,6.52
109,TGPPGPSGITGPPGPPGAAGK,1773,1793,0,1833.89467403805,4,0,Mastomys coucha,Mastomys,Murinae,Muridae,Rodentia,20,303,76.72
110,TGPPGPSGITGPPGPPGAAGK,1773,1793,0,1817.90052403805,3,0,Mastomys coucha,Mastomys,Murinae,Muridae,Rodentia,20,303,69.82
111,TGPPGPSGITGPPGPPGAAGK,1773,1793,0,1801.90637403805,2,0,Mastomys coucha,Mastomys,Murinae,Muridae,Rodentia,20,303,17.5
112,TGPPGPSGITGPPGPPGAAGK,1773,1793,0,1849.88882403805,5,0,Mastomys coucha,Mastomys,Murinae,Muridae,Rodentia,20,303,9.89
113,TGPPGPSGITGPPGPPGAAGK,1773,1793,0,1897.87127403805,8,0,Mastomys coucha,Mastomys,Murinae,Muridae,Rodentia,20,303,1.8
114,GDGGPPGMTGFPGAAGR,1756,1772,0,1533.67353765225,2,0,Mastomys coucha,Mastomys,Murinae,Muridae,Rodentia,16,302,90.0
115,GDGGPPGMTGFPGAAGR,1756,1772,0,1517.67938765225,1,0,Mastomys coucha,Mastomys,Murinae,Muridae,Rodentia,16,302,86.43
116,GDGGPPGMTGFPGAAGR,1756,1772,0,1549.66768765225,3,0,Mastomys coucha,Mastomys,Murinae,Muridae,Rodentia,16,302,75.95
117,GDGGPPGMTGFPGAAGR,1756,1772,0,1565.66183765225,4,0,Mastomys coucha,Mastomys,Murinae,Muridae,Rodentia,16,302,51.6
118,GENGIVGPTGPVGAAGPSGPNGPPGPVGSR,1726,1755,0,2627.26883485444,1,2,Mastomys coucha,Mastomys,Murinae,Muridae,Rodentia,29,301,105.58
119,GENGIVGPTGPVGAAGPSGPNGPPGPVGSR,1726,1755,0,2626.28481885444,1,1,Mastomys coucha,Mastomys,Murinae,Muridae,Rodentia,29,301,82.17
120,GENGIVGPTGPVGAAGPSGPNGPPGPVGSR,1726,1755,0,2625.30080285444,1,0,Mastomys coucha,Mastomys,Murinae,Muridae,Rodentia,29,301,73.53
121,GENGIVGPTGPVGAAGPSGPNGPPGPVGSR,1726,1755,0,2657.28910285444,3,0,Mastomys coucha,Mastomys,Murinae,Muridae,Rodentia,29,301,2.47
122,GPKGENGIVGPTGPVGAAGPSGPNGPPGPVGSR,1723,1755,1,2923.46414343786,2,0,Mastomys coucha,Mastomys,Murinae,Muridae,Rodentia,32,300,81.31
123,GPKGENGIVGPTGPVGAAGPSGPNGPPGPVGSR,1723,1755,1,2925.43217543786,2,2,Mastomys coucha,Mastomys,Murinae,Muridae,Rodentia,32,300,79.77
124,GPKGENGIVGPTGPVGAAGPSGPNGPPGPVGSR,1723,1755,1,2924.44815943786,2,1,Mastomys coucha,Mastomys,Murinae,Muridae,Rodentia,32,300,77.11
125,GPKGENGIVGPTGPVGAAGPSGPNGPPGPVGSR,1723,1755,1,2908.45400943786,1,1,Mastomys coucha,Mastomys,Murinae,Muridae,Rodentia,32,300,76.0
126,GPKGENGIVGPTGPVGAAGPSGPNGPPGPVGSR,1723,1755,1,2909.43802543786,1,2,Mastomys coucha,Mastomys,Murinae,Muridae,Rodentia,32,300,71.46
127,GPKGENGIVGPTGPVGAAGPSGPNGPPGPVGSR,1723,1755,1,2941.42632543786,3,2,Mastomys coucha,Mastomys,Murinae,Muridae,Rodentia,32,300,43.95
128,GPKGENGIVGPTGPVGAAGPSGPNGPPGPVGSR,1723,1755,1,2907.46999343786,1,0,Mastomys coucha,Mastomys,Murinae,Muridae,Rodentia,32,300,14.13
129,GPKGENGIVGPTGPVGAAGPSGPNGPPGPVGSR,1723,1755,1,2892.45985943786,0,1,Mastomys coucha,Mastomys,Murinae,Muridae,Rodentia,32,300,8.46
130,GEVGPAGPNGFAGPAGAAGQPGAKGEK,1693,1719,1,2382.1305137155996,2,1,Mastomys coucha,Mastomys,Murinae,Muridae,Rodentia,26,296,91.46
131,GEVGPAGPNGFAGPAGAAGQPGAKGEK,1693,1719,1,2399.1086797156,3,2,Mastomys coucha,Mastomys,Murinae,Muridae,Rodentia,26,296,60.6
132,GEVGPAGPNGFAGPAGAAGQPGAKGEK,1693,1719,1,2383.1145297156,2,2,Mastomys coucha,Mastomys,Murinae,Muridae,Rodentia,26,296,54.36
133,GEVGPAGPNGFAGPAGAAGQPGAKGEK,1693,1719,1,2366.1363637155996,1,1,Mastomys coucha,Mastomys,Murinae,Muridae,Rodentia,26,296,46.37
134,GEVGPAGPNGFAGPAGAAGQPGAKGEK,1693,1719,1,2381.1464977155997,2,0,Mastomys coucha,Mastomys,Murinae,Muridae,Rodentia,26,296,43.92
135,GEVGPAGPNGFAGPAGAAGQPGAKGEK,1693,1719,1,2398.1246637155996,3,1,Mastomys coucha,Mastomys,Murinae,Muridae,Rodentia,26,296,39.08
136,GEVGPAGPNGFAGPAGAAGQPGAKGEK,1693,1719,1,2365.1523477155997,1,0,Mastomys coucha,Mastomys,Murinae,Muridae,Rodentia,26,296,32.4
137,GEVGPAGPNGFAGPAGAAGQPGAKGEK,1693,1719,1,2367.1203797156,1,2,Mastomys coucha,Mastomys,Murinae,Muridae,Rodentia,26,296,21.73
138,GEVGPAGPNGFAGPAGAAGQPGAKGEK,1693,1719,1,2350.1422137155996,0,1,Mastomys coucha,Mastomys,Murinae,Muridae,Rodentia,26,296,4.57
139,GEVGPAGPNGFAGPAGAAGQPGAK,1693,1716,0,2051.97734389306,1,1,Mastomys coucha,Mastomys,Murinae,Muridae,Rodentia,23,295,88.39
140,GEVGPAGPNGFAGPAGAAGQPGAK,1693,1716,0,2035.98319389306,0,1,Mastomys coucha,Mastomys,Murinae,Muridae,Rodentia,23,295,87.76
141,GEVGPAGPNGFAGPAGAAGQPGAK,1693,1716,0,2036.96720989306,0,2,Mastomys coucha,Mastomys,Murinae,Muridae,Rodentia,23,295,83.1
142,GEVGPAGPNGFAGPAGAAGQPGAK,1693,1716,0,2066.9874778930603,2,0,Mastomys coucha,Mastomys,Murinae,Muridae,Rodentia,23,295,82.34
143,GEVGPAGPNGFAGPAGAAGQPGAK,1693,1716,0,2052.9613598930605,1,2,Mastomys coucha,Mastomys,Murinae,Muridae,Rodentia,23,295,80.91
144,GEVGPAGPNGFAGPAGAAGQPGAK,1693,1716,0,2034.99917789306,0,0,Mastomys coucha,Mastomys,Murinae,Muridae,Rodentia,23,295,73.24
145,GEVGPAGPNGFAGPAGAAGQPGAK,1693,1716,0,2067.97149389306,2,1,Mastomys coucha,Mastomys,Murinae,Muridae,Rodentia,23,295,72.48
146,GEVGPAGPNGFAGPAGAAGQPGAK,1693,1716,0,2068.9555098930605,2,2,Mastomys coucha,Mastomys,Murinae,Muridae,Rodentia,23,295,70.34
147,GEVGPAGPNGFAGPAGAAGQPGAK,1693,1716,0,2050.9933278930603,1,0,Mastomys coucha,Mastomys,Murinae,Muridae,Rodentia,23,295,66.87
148,GEVGPAGPNGFAGPAGAAGQPGAK,1693,1716,0,2115.95394389306,5,1,Mastomys coucha,Mastomys,Murinae,Muridae,Rodentia,23,295,0.55
149,GSPGERGEVGPAGPNGFAGPAGAAGQPGAK,1687,1716,1,2650.2589016988895,2,0,Mastomys coucha,Mastomys,Murinae,Muridae,Rodentia,29,293,60.01
150,GSPGERGEVGPAGPNGFAGPAGAAGQPGAK,1687,1716,1,2651.2429176988894,2,1,Mastomys coucha,Mastomys,Murinae,Muridae,Rodentia,29,293,59.56
151,GSPGERGEVGPAGPNGFAGPAGAAGQPGAK,1687,1716,1,2666.2530516988895,3,0,Mastomys coucha,Mastomys,Murinae,Muridae,Rodentia,29,293,32.28
152,GSPGERGEVGPAGPNGFAGPAGAAGQPGAK,1687,1716,1,2619.2546176988894,0,1,Mastomys coucha,Mastomys,Murinae,Muridae,Rodentia,29,293,1.53
153,GEAGAAGPSGPAGPRGSPGER,1672,1692,1,1850.87321276038,1,0,Mastomys coucha,Mastomys,Murinae,Muridae,Rodentia,20,292,10.48
154,GEAGAAGPSGPAGPRGSPGER,1672,1692,1,1882.86151276038,3,0,Mastomys coucha,Mastomys,Murinae,Muridae,Rodentia,20,292,5.68
155,GEAGAAGPSGPAGPRGSPGER,1672,1692,1,1866.86736276038,2,0,Mastomys coucha,Mastomys,Murinae,Muridae,Rodentia,20,292,3.52
156,GEAGAAGPSGPAGPR,1672,1686,0,1251.60763895455,0,0,Mastomys coucha,Mastomys,Murinae,Muridae,Rodentia,14,291,76.52
157,GEAGAAGPSGPAGPR,1672,1686,0,1267.60178895455,1,0,Mastomys coucha,Mastomys,Murinae,Muridae,Rodentia,14,291,54.84
158,GEAGAAGPSGPAGPR,1672,1686,0,1283.59593895455,2,0,Mastomys coucha,Mastomys,Murinae,Muridae,Rodentia,14,291,12.5
159,GEAGAAGPSGPAGPR,1672,1686,0,1299.59008895455,3,0,Mastomys coucha,Mastomys,Murinae,Muridae,Rodentia,14,291,9.06
160,GAPGAVGAPGPSGASGDRGEAGAAGPSGPAGPR,1654,1686,1,2745.2919927323196,2,0,Mastomys coucha,Mastomys,Murinae,Muridae,Rodentia,32,290,59.7
161,GAPGAVGAPGPSGASGDRGEAGAAGPSGPAGPR,1654,1686,1,2761.2861427323196,3,0,Mastomys coucha,Mastomys,Murinae,Muridae,Rodentia,32,290,35.25
162,GAPGAVGAPGPSGASGDRGEAGAAGPSGPAGPR,1654,1686,1,2777.2802927323196,4,0,Mastomys coucha,Mastomys,Murinae,Muridae,Rodentia,32,290,27.97
163,GAPGAVGAPGPSGASGDR,1654,1671,0,1512.70219492824,2,0,Mastomys coucha,Mastomys,Murinae,Muridae,Rodentia,17,289,79.68
164,GAPGAVGAPGPSGASGDR,1654,1671,0,1528.69634492824,3,0,Mastomys coucha,Mastomys,Murinae,Muridae,Rodentia,17,289,68.54
165,GEIGNTGRDGAR,1642,1653,1,1202.58723786314,0,0,Mastomys coucha,Mastomys,Murinae,Muridae,Rodentia,11,287,14.59
166,GEIGNTGR,1642,1649,0,803.4006063104299,0,0,Mastomys coucha,Mastomys,Murinae,Muridae,Rodentia,7,286,36.03
167,GEIGNTGR,1642,1649,0,804.3846223104299,0,1,Mastomys coucha,Mastomys,Murinae,Muridae,Rodentia,7,286,12.53
168,GETGLRGEIGNTGR,1636,1649,1,1416.71898030868,0,0,Mastomys coucha,Mastomys,Murinae,Muridae,Rodentia,13,283,38.01
169,GETGLRGEIGNTGR,1636,1649,1,1417.7029963086802,0,1,Mastomys coucha,Mastomys,Murinae,Muridae,Rodentia,13,283,12.7
170,GEKGETGLR,1633,1641,1,962.4893849712598,1,0,Mastomys coucha,Mastomys,Murinae,Muridae,Rodentia,8,282,31.81
171,GAAGIPGGKGEK,1624,1635,1,1057.56288426469,1,0,Mastomys coucha,Mastomys,Murinae,Muridae,Rodentia,11,280,31.79
172,GAAGIPGGKGEK,1624,1635,1,1089.55118426469,3,0,Mastomys coucha,Mastomys,Murinae,Muridae,Rodentia,11,280,21.13
173,GAAGIPGGKGEK,1624,1635,1,1073.55703426469,2,0,Mastomys coucha,Mastomys,Murinae,Muridae,Rodentia,11,280,17.47
174,GEAGAVGAPGSAGASGPGGLPGER,1600,1623,0,2010.9460070039,2,0,Mastomys coucha,Mastomys,Murinae,Muridae,Rodentia,23,277,74.77
175,GEAGAVGAPGSAGASGPGGLPGER,1600,1623,0,1994.9518570039,1,0,Mastomys coucha,Mastomys,Murinae,Muridae,Rodentia,23,277,61.25
176,GEAGAVGAPGSAGASGPGGLPGER,1600,1623,0,2026.9401570039,3,0,Mastomys coucha,Mastomys,Murinae,Muridae,Rodentia,23,277,55.87
177,GPSGAPGPDGNKGEAGAVGAPGSAGASGPGGLPGER,1588,1623,1,3061.4182791006797,3,0,Mastomys coucha,Mastomys,Murinae,Muridae,Rodentia,35,275,85.83
178,GPSGAPGPDGNKGEAGAVGAPGSAGASGPGGLPGER,1588,1623,1,3045.4241291006797,2,0,Mastomys coucha,Mastomys,Murinae,Muridae,Rodentia,35,275,56.7
179,GPSGAPGPDGNKGEAGAVGAPGSAGASGPGGLPGER,1588,1623,1,3078.3964451006796,4,1,Mastomys coucha,Mastomys,Murinae,Muridae,Rodentia,35,275,53.71
180,GPSGAPGPDGNKGEAGAVGAPGSAGASGPGGLPGER,1588,1623,1,3077.4124291006797,4,0,Mastomys coucha,Mastomys,Murinae,Muridae,Rodentia,35,275,43.62
181,GPSGAPGPDGNKGEAGAVGAPGSAGASGPGGLPGER,1588,1623,1,3062.4022951006796,3,1,Mastomys coucha,Mastomys,Murinae,Muridae,Rodentia,35,275,30.96
182,GPSGAPGPDGNKGEAGAVGAPGSAGASGPGGLPGER,1588,1623,1,3094.3905951006795,5,1,Mastomys coucha,Mastomys,Murinae,Muridae,Rodentia,35,275,29.2
183,GPSGAPGPDGNKGEAGAVGAPGSAGASGPGGLPGER,1588,1623,1,3093.4065791006797,5,0,Mastomys coucha,Mastomys,Murinae,Muridae,Rodentia,35,275,21.91
184,GPSGAPGPDGNKGEAGAVGAPGSAGASGPGGLPGER,1588,1623,1,3046.4081451006796,2,1,Mastomys coucha,Mastomys,Murinae,Muridae,Rodentia,35,275,1.58
185,GPSGAPGPDGNKGEAGAVGAPGSAGASGPGGLPGER,1588,1623,1,3109.4007291006797,6,0,Mastomys coucha,Mastomys,Murinae,Muridae,Rodentia,35,275,0.33
186,GPSGAPGPDGNK,1588,1599,0,1069.49011324725,1,0,Mastomys coucha,Mastomys,Murinae,Muridae,Rodentia,11,274,40.89
187,GPSGAPGPDGNK,1588,1599,0,1053.49596324725,0,0,Mastomys coucha,Mastomys,Murinae,Muridae,Rodentia,11,274,26.63
188,GPSGAPGPDGNK,1588,1599,0,1101.47841324725,3,0,Mastomys coucha,Mastomys,Murinae,Muridae,Rodentia,11,274,8.6
189,GPPGESGAAGPSGPIGSRGPSGAPGPDGNK,1570,1599,1,2617.222181837,2,0,Mastomys coucha,Mastomys,Murinae,Muridae,Rodentia,29,273,3.23
190,GPPGESGAAGPSGPIGSRGPSGAPGPDGNK,1570,1599,1,2601.228031837,1,0,Mastomys coucha,Mastomys,Murinae,Muridae,Rodentia,29,273,2.07
191,GPPGESGAAGPSGPIGSRGPSGAPGPDGNK,1570,1599,1,2665.204631837,5,0,Mastomys coucha,Mastomys,Murinae,Muridae,Rodentia,29,273,0.96
192,GPPGESGAAGPSGPIGSR,1570,1587,0,1566.74990974022,1,0,Mastomys coucha,Mastomys,Murinae,Muridae,Rodentia,17,272,85.13
193,GPPGESGAAGPSGPIGSR,1570,1587,0,1582.74405974022,2,0,Mastomys coucha,Mastomys,Murinae,Muridae,Rodentia,17,272,45.45
194,GERGPPGESGAAGPSGPIGSR,1567,1587,1,1908.91507757236,1,0,Mastomys coucha,Mastomys,Murinae,Muridae,Rodentia,20,271,62.71
195,GERGPPGESGAAGPSGPIGSR,1567,1587,1,1924.90922757236,2,0,Mastomys coucha,Mastomys,Murinae,Muridae,Rodentia,20,271,28.98
196,GERGPPGESGAAGPSGPIGSR,1567,1587,1,1892.92092757236,0,0,Mastomys coucha,Mastomys,Murinae,Muridae,Rodentia,20,271,0.47
197,GLPGEFGLPGPAGPRGER,1552,1569,1,1795.90704274439,2,0,Mastomys coucha,Mastomys,Murinae,Muridae,Rodentia,17,270,41.63
198,GLPGEFGLPGPAGPRGER,1552,1569,1,1811.9011927443896,3,0,Mastomys coucha,Mastomys,Murinae,Muridae,Rodentia,17,270,32.26
199,GLPGEFGLPGPAGPR,1552,1566,0,1453.74187491225,2,0,Mastomys coucha,Mastomys,Murinae,Muridae,Rodentia,14,269,74.83
200,GLPGEFGLPGPAGPR,1552,1566,0,1437.74772491225,1,0,Mastomys coucha,Mastomys,Murinae,Muridae,Rodentia,14,269,65.55
201,GLPGEFGLPGPAGPR,1552,1566,0,1469.73602491225,3,0,Mastomys coucha,Mastomys,Murinae,Muridae,Rodentia,14,269,58.94
202,GLPGEFGLPGPAGPR,1552,1566,0,1485.73017491225,4,0,Mastomys coucha,Mastomys,Murinae,Muridae,Rodentia,14,269,24.94
203,GEQGPAGPPGFQGLPGPSGATGEVGKPGER,1522,1551,0,2837.3313620065496,3,1,Mastomys coucha,Mastomys,Murinae,Muridae,Rodentia,29,267,65.11
204,GEQGPAGPPGFQGLPGPSGATGEVGKPGER,1522,1551,0,2836.3473460065497,3,0,Mastomys coucha,Mastomys,Murinae,Muridae,Rodentia,29,267,58.32
205,GEQGPAGPPGFQGLPGPSGATGEVGKPGER,1522,1551,0,2838.31537800655,3,2,Mastomys coucha,Mastomys,Murinae,Muridae,Rodentia,29,267,26.26
206,GEQGPAGPPGFQGLPGPSGATGEVGKPGER,1522,1551,0,2820.3531960065498,2,0,Mastomys coucha,Mastomys,Murinae,Muridae,Rodentia,29,267,5.94
207,GEQGPAGPPGFQGLPGPSGATGEVGKPGER,1522,1551,0,2805.3430620065496,1,1,Mastomys coucha,Mastomys,Murinae,Muridae,Rodentia,29,267,4.92
208,GEQGPAGPPGFQGLPGPSGATGEVGKPGER,1522,1551,0,2853.3255120065496,4,1,Mastomys coucha,Mastomys,Murinae,Muridae,Rodentia,29,267,4.71
209,GEQGPAGPPGFQGLPGPSGATGEVGKPGER,1522,1551,0,2821.3372120065496,2,1,Mastomys coucha,Mastomys,Murinae,Muridae,Rodentia,29,267,3.43
210,GEQGPAGPPGFQGLPGPSGATGEVGKPGER,1522,1551,0,2901.3079620065496,7,1,Mastomys coucha,Mastomys,Murinae,Muridae,Rodentia,29,267,1.98
211,GAPGPDGNNGAQGPPGPQGVQGGK,1498,1521,0,2145.9892687982097,2,0,Mastomys coucha,Mastomys,Murinae,Muridae,Rodentia,23,266,78.36
212,GAPGPDGNNGAQGPPGPQGVQGGK,1498,1521,0,2147.95730079821,2,2,Mastomys coucha,Mastomys,Murinae,Muridae,Rodentia,23,266,74.14
213,GAPGPDGNNGAQGPPGPQGVQGGK,1498,1521,0,2146.9732847982095,2,1,Mastomys coucha,Mastomys,Murinae,Muridae,Rodentia,23,266,60.71
214,GAPGPDGNNGAQGPPGPQGVQGGK,1498,1521,0,2162.9674347982095,3,1,Mastomys coucha,Mastomys,Murinae,Muridae,Rodentia,23,266,28.18
215,GAPGPDGNNGAQGPPGPQGVQGGK,1498,1521,0,2161.9834187982096,3,0,Mastomys coucha,Mastomys,Murinae,Muridae,Rodentia,23,266,17.69
216,GAPGPDGNNGAQGPPGPQGVQGGK,1498,1521,0,2163.95145079821,3,2,Mastomys coucha,Mastomys,Murinae,Muridae,Rodentia,23,266,2.4
217,GAPGPDGNNGAQGPPGPQGVQGGK,1498,1521,0,2166.9034987982095,3,5,Mastomys coucha,Mastomys,Murinae,Muridae,Rodentia,23,266,1.51
218,GHPGLAGAR,1489,1497,0,835.45331058963,0,0,Mastomys coucha,Mastomys,Murinae,Muridae,Rodentia,8,265,36.32
219,GHPGLAGAR,1489,1497,0,851.4474605896299,1,0,Mastomys coucha,Mastomys,Murinae,Muridae,Rodentia,8,265,6.18
220,GPSGDPGKPGDKGHPGLAGAR,1477,1497,1,1943.96744749839,1,0,Mastomys coucha,Mastomys,Murinae,Muridae,Rodentia,20,262,95.96
221,GPSGDPGKPGDKGHPGLAGAR,1477,1497,1,1927.97329749839,0,0,Mastomys coucha,Mastomys,Murinae,Muridae,Rodentia,20,262,37.12
222,GPSGDPGKPGDK,1477,1488,0,1143.52612805923,2,0,Mastomys coucha,Mastomys,Murinae,Muridae,Rodentia,11,261,34.11
223,GPSGDPGKPGDK,1477,1488,0,1127.53197805923,1,0,Mastomys coucha,Mastomys,Murinae,Muridae,Rodentia,11,261,31.28
224,GPSGDPGKPGDK,1477,1488,0,1111.5378280592302,0,0,Mastomys coucha,Mastomys,Murinae,Muridae,Rodentia,11,261,19.03
225,GEAGNIGFPGPKGPSGDPGKPGDK,1465,1488,1,2252.09343585715,1,0,Mastomys coucha,Mastomys,Murinae,Muridae,Rodentia,23,259,2.17
226,GEAGNIGFPGPK,1465,1476,0,1159.57344894839,1,0,Mastomys coucha,Mastomys,Murinae,Muridae,Rodentia,11,257,73.09
227,GEAGNIGFPGPK,1465,1476,0,1175.56759894839,2,0,Mastomys coucha,Mastomys,Murinae,Muridae,Rodentia,11,257,72.34
228,GEAGNIGFPGPK,1465,1476,0,1160.55746494839,1,1,Mastomys coucha,Mastomys,Murinae,Muridae,Rodentia,11,257,64.42
229,GEAGNIGFPGPK,1465,1476,0,1176.55161494839,2,1,Mastomys coucha,Mastomys,Murinae,Muridae,Rodentia,11,257,59.48
230,GEAGNIGFPGPK,1465,1476,0,1191.56174894839,3,0,Mastomys coucha,Mastomys,Murinae,Muridae,Rodentia,11,257,34.82
231,GEAGNIGFPGPK,1465,1476,0,1192.54576494839,3,1,Mastomys coucha,Mastomys,Murinae,Muridae,Rodentia,11,257,26.62
232,GEAGNIGFPGPK,1465,1476,0,1144.56331494839,0,1,Mastomys coucha,Mastomys,Murinae,Muridae,Rodentia,11,257,9.85
233,EGPVGLPGIDGRPGPIGPAGPR,1443,1464,0,2082.1082980756496,1,0,Mastomys coucha,Mastomys,Murinae,Muridae,Rodentia,21,254,49.61
234,EGPVGLPGIDGRPGPIGPAGPR,1443,1464,0,2098.1024480756496,2,0,Mastomys coucha,Mastomys,Murinae,Muridae,Rodentia,21,254,45.4
235,EGPVGLPGIDGRPGPIGPAGPR,1443,1464,0,2114.0965980756496,3,0,Mastomys coucha,Mastomys,Murinae,Muridae,Rodentia,21,254,36.84
236,EGPVGLPGIDGRPGPIGPAGPR,1443,1464,0,2130.0907480756496,4,0,Mastomys coucha,Mastomys,Murinae,Muridae,Rodentia,21,254,22.95
237,EGPVGLPGIDGRPGPIGPAGPR,1443,1464,0,2146.0848980756496,5,0,Mastomys coucha,Mastomys,Murinae,Muridae,Rodentia,21,254,0.12
238,GLPGSPGNVGPSGKEGPVGLPGIDGRPGPIGPAGPR,1429,1464,1,3319.70064937885,3,1,Mastomys coucha,Mastomys,Murinae,Muridae,Rodentia,35,252,25.48
239,GLPGSPGNVGPSGKEGPVGLPGIDGRPGPIGPAGPR,1429,1464,1,3366.69908337885,6,0,Mastomys coucha,Mastomys,Murinae,Muridae,Rodentia,35,252,7.03
240,GLPGSPGNVGPSGK,1429,1442,0,1255.62617645367,2,0,Mastomys coucha,Mastomys,Murinae,Muridae,Rodentia,13,250,87.34
241,GLPGSPGNVGPSGK,1429,1442,0,1256.6101924536702,2,1,Mastomys coucha,Mastomys,Murinae,Muridae,Rodentia,13,250,76.33
242,GLPGSPGNVGPSGK,1429,1442,0,1271.62032645367,3,0,Mastomys coucha,Mastomys,Murinae,Muridae,Rodentia,13,250,14.11
243,GLPGSPGNVGPSGK,1429,1442,0,1240.6160424536702,1,1,Mastomys coucha,Mastomys,Murinae,Muridae,Rodentia,13,250,6.03
244,GLPGSPGNVGPSGK,1429,1442,0,1239.63202645367,1,0,Mastomys coucha,Mastomys,Murinae,Muridae,Rodentia,13,250,5.1
245,GPNGDAGRPGEPGLMGPRGLPGSPGNVGPSGK,1411,1442,1,3019.42481244746,5,0,Mastomys coucha,Mastomys,Murinae,Muridae,Rodentia,31,246,3.26
246,GPNGDAGRPGEPGLMGPR,1411,1428,0,1783.80049314426,3,1,Mastomys coucha,Mastomys,Murinae,Muridae,Rodentia,17,245,46.78
247,GPNGDAGRPGEPGLMGPR,1411,1428,0,1766.82232714426,2,0,Mastomys coucha,Mastomys,Murinae,Muridae,Rodentia,17,245,42.7
248,GPNGDAGRPGEPGLMGPR,1411,1428,0,1798.81062714426,4,0,Mastomys coucha,Mastomys,Murinae,Muridae,Rodentia,17,245,42.4
249,GPNGDAGRPGEPGLMGPR,1411,1428,0,1782.81647714426,3,0,Mastomys coucha,Mastomys,Murinae,Muridae,Rodentia,17,245,38.95
250,GPNGDAGRPGEPGLMGPR,1411,1428,0,1799.79464314426,4,1,Mastomys coucha,Mastomys,Murinae,Muridae,Rodentia,17,245,38.67
251,GPNGDAGRPGEPGLMGPR,1411,1428,0,1767.8063431442602,2,1,Mastomys coucha,Mastomys,Murinae,Muridae,Rodentia,17,245,38.44
252,GSSGPAGVRGPNGDAGRPGEPGLMGPR,1402,1428,1,2568.1824936846597,4,1,Mastomys coucha,Mastomys,Murinae,Muridae,Rodentia,26,243,17.92
253,GSSGPAGVRGPNGDAGRPGEPGLMGPR,1402,1428,1,2536.1941936846597,2,1,Mastomys coucha,Mastomys,Murinae,Muridae,Rodentia,26,243,17.45
254,GSSGPAGVRGPNGDAGRPGEPGLMGPR,1402,1428,1,2535.21017768466,2,0,Mastomys coucha,Mastomys,Murinae,Muridae,Rodentia,26,243,6.83
255,AGVMGPPGNRGSSGPAGVR,1392,1410,1,1723.86566162571,0,0,Mastomys coucha,Mastomys,Murinae,Muridae,Rodentia,18,241,45.1
256,AGVMGPPGNRGSSGPAGVR,1392,1410,1,1739.85981162571,1,0,Mastomys coucha,Mastomys,Murinae,Muridae,Rodentia,18,241,15.34
257,AGVMGPPGNRGSSGPAGVR,1392,1410,1,1755.85396162571,2,0,Mastomys coucha,Mastomys,Murinae,Muridae,Rodentia,18,241,8.2
258,AGVMGPPGNRGSSGPAGVR,1392,1410,1,1787.84226162571,4,0,Mastomys coucha,Mastomys,Murinae,Muridae,Rodentia,18,241,4.59
259,AGVMGPPGNRGSSGPAGVR,1392,1410,1,1771.84811162571,3,0,Mastomys coucha,Mastomys,Murinae,Muridae,Rodentia,18,241,4.38
260,AGVMGPPGNR,1392,1401,0,987.46611108531,2,0,Mastomys coucha,Mastomys,Murinae,Muridae,Rodentia,9,240,74.19
261,AGVMGPPGNR,1392,1401,0,971.47196108531,1,0,Mastomys coucha,Mastomys,Murinae,Muridae,Rodentia,9,240,55.38
262,AGVMGPPGNR,1392,1401,0,955.47781108531,0,0,Mastomys coucha,Mastomys,Murinae,Muridae,Rodentia,9,240,46.79
263,AGVMGPPGNR,1392,1401,0,988.45012708531,2,1,Mastomys coucha,Mastomys,Murinae,Muridae,Rodentia,9,240,42.45
264,AGVMGPPGNR,1392,1401,0,1003.46026108531,3,0,Mastomys coucha,Mastomys,Murinae,Muridae,Rodentia,9,240,34.12
265,GLPGADGRAGVMGPPGNR,1384,1401,1,1694.8383479051402,1,0,Mastomys coucha,Mastomys,Murinae,Muridae,Rodentia,17,239,24.34
266,GLPGADGRAGVMGPPGNR,1384,1401,1,1726.82664790514,3,0,Mastomys coucha,Mastomys,Murinae,Muridae,Rodentia,17,239,12.68
267,GLPGADGRAGVMGPPGNR,1384,1401,1,1710.83249790514,2,0,Mastomys coucha,Mastomys,Murinae,Muridae,Rodentia,17,239,5.82
268,GLPGADGRAGVMGPPGNR,1384,1401,1,1742.82079790514,4,0,Mastomys coucha,Mastomys,Murinae,Muridae,Rodentia,17,239,4.47
269,GSPGSRGLPGADGR,1378,1391,1,1315.63338709243,2,0,Mastomys coucha,Mastomys,Murinae,Muridae,Rodentia,13,237,40.43
270,GSPGSRGLPGADGR,1378,1391,1,1283.64508709243,0,0,Mastomys coucha,Mastomys,Murinae,Muridae,Rodentia,13,237,9.78
271,GSPGEPGSAGPAGPPGLRGSPGSR,1360,1383,1,2134.02565430693,2,0,Mastomys coucha,Mastomys,Murinae,Muridae,Rodentia,23,233,38.53
272,GSPGEPGSAGPAGPPGLRGSPGSR,1360,1383,1,2150.01980430693,3,0,Mastomys coucha,Mastomys,Murinae,Muridae,Rodentia,23,233,19.78
273,GSPGEPGSAGPAGPPGLR,1360,1377,0,1576.7706451848,1,0,Mastomys coucha,Mastomys,Murinae,Muridae,Rodentia,17,232,85.98
274,GSPGEPGSAGPAGPPGLR,1360,1377,0,1592.7647951848,2,0,Mastomys coucha,Mastomys,Murinae,Muridae,Rodentia,17,232,74.36
275,GSPGEPGSAGPAGPPGLR,1360,1377,0,1608.7589451848,3,0,Mastomys coucha,Mastomys,Murinae,Muridae,Rodentia,17,232,55.2
276,RGSPGEPGSAGPAGPPGLR,1359,1377,1,1732.8717562084,1,0,Mastomys coucha,Mastomys,Murinae,Muridae,Rodentia,18,231,69.79
277,RGSPGEPGSAGPAGPPGLR,1359,1377,1,1748.8659062084,2,0,Mastomys coucha,Mastomys,Murinae,Muridae,Rodentia,18,231,49.19
278,GEPGSAGAQGPPGPSGEEGKR,1339,1359,1,1953.88815777461,2,0,Mastomys coucha,Mastomys,Murinae,Muridae,Rodentia,20,229,50.48
279,GEPGSAGAQGPPGPSGEEGKR,1339,1359,1,1969.88230777461,3,0,Mastomys coucha,Mastomys,Murinae,Muridae,Rodentia,20,229,17.91
280,GEPGSAGAQGPPGPSGEEGKR,1339,1359,1,1937.89400777461,1,0,Mastomys coucha,Mastomys,Murinae,Muridae,Rodentia,20,229,16.68
281,GEPGSAGAQGPPGPSGEEGKR,1339,1359,1,1970.86632377461,3,1,Mastomys coucha,Mastomys,Murinae,Muridae,Rodentia,20,229,10.29
282,GEPGSAGAQGPPGPSGEEGKR,1339,1359,1,1954.87217377461,2,1,Mastomys coucha,Mastomys,Murinae,Muridae,Rodentia,20,229,7.5
283,GEPGSAGAQGPPGPSGEEGK,1339,1358,0,1797.78704675101,2,0,Mastomys coucha,Mastomys,Murinae,Muridae,Rodentia,19,228,77.95
284,GEPGSAGAQGPPGPSGEEGK,1339,1358,0,1798.77106275101,2,1,Mastomys coucha,Mastomys,Murinae,Muridae,Rodentia,19,228,41.31
285,GEPGSAGAQGPPGPSGEEGK,1339,1358,0,1781.79289675101,1,0,Mastomys coucha,Mastomys,Murinae,Muridae,Rodentia,19,228,30.25
286,GEPGSAGAQGPPGPSGEEGK,1339,1358,0,1813.78119675101,3,0,Mastomys coucha,Mastomys,Murinae,Muridae,Rodentia,19,228,3.0
287,GETGNKGEPGSAGAQGPPGPSGEEGK,1333,1358,1,2400.0522862036696,3,0,Mastomys coucha,Mastomys,Murinae,Muridae,Rodentia,25,226,46.6
288,GETGNKGEPGSAGAQGPPGPSGEEGK,1333,1358,1,2384.0581362036696,2,0,Mastomys coucha,Mastomys,Murinae,Muridae,Rodentia,25,226,43.33
289,GETGNKGEPGSAGAQGPPGPSGEEGK,1333,1358,1,2368.0639862036696,1,0,Mastomys coucha,Mastomys,Murinae,Muridae,Rodentia,25,226,28.15
290,GETGNKGEPGSAGAQGPPGPSGEEGK,1333,1358,1,2369.0480022036695,1,1,Mastomys coucha,Mastomys,Murinae,Muridae,Rodentia,25,226,26.06
291,GETGNKGEPGSAGAQGPPGPSGEEGK,1333,1358,1,2385.0421522036695,2,1,Mastomys coucha,Mastomys,Murinae,Muridae,Rodentia,25,226,24.13
292,GLVGEPGPAGSKGETGNK,1321,1338,1,1686.82778936418,2,0,Mastomys coucha,Mastomys,Murinae,Muridae,Rodentia,17,224,55.56
293,GLVGEPGPAGSKGETGNK,1321,1338,1,1670.83363936418,1,0,Mastomys coucha,Mastomys,Murinae,Muridae,Rodentia,17,224,12.77
294,GLVGEPGPAGSKGETGNK,1321,1338,1,1702.82193936418,3,0,Mastomys coucha,Mastomys,Murinae,Muridae,Rodentia,17,224,6.09
295,GLVGEPGPAGSK,1321,1332,0,1084.56254991152,1,0,Mastomys coucha,Mastomys,Murinae,Muridae,Rodentia,11,223,64.88
296,GLVGEPGPAGSK,1321,1332,0,1100.55669991152,2,0,Mastomys coucha,Mastomys,Murinae,Muridae,Rodentia,11,223,46.18
297,GIPGPVGAAGATGAR,1306,1320,0,1267.67455997199,1,0,Mastomys coucha,Mastomys,Murinae,Muridae,Rodentia,14,222,79.72
298,GIPGPVGAAGATGAR,1306,1320,0,1283.66870997199,2,0,Mastomys coucha,Mastomys,Murinae,Muridae,Rodentia,14,222,77.96
299,GATGLPGVAGAPGLPGPRGIPGPVGAAGATGAR,1288,1320,1,2841.4935204042,4,0,Mastomys coucha,Mastomys,Murinae,Muridae,Rodentia,32,221,13.67
300,GATGLPGVAGAPGLPGPR,1288,1305,0,1592.83680158268,3,0,Mastomys coucha,Mastomys,Murinae,Muridae,Rodentia,17,220,84.12
301,GATGLPGVAGAPGLPGPR,1288,1305,0,1608.83095158268,4,0,Mastomys coucha,Mastomys,Murinae,Muridae,Rodentia,17,220,4.48
302,GEVGLPGLSGPVGPPGNPGANGLTGAK,1261,1287,0,2435.2018150635695,4,1,Mastomys coucha,Mastomys,Murinae,Muridae,Rodentia,26,218,74.15
303,GEVGLPGLSGPVGPPGNPGANGLTGAK,1261,1287,0,2434.2177990635696,4,0,Mastomys coucha,Mastomys,Murinae,Muridae,Rodentia,26,218,70.21
304,GEVGLPGLSGPVGPPGNPGANGLTGAK,1261,1287,0,2418.2236490635696,3,0,Mastomys coucha,Mastomys,Murinae,Muridae,Rodentia,26,218,60.38
305,GEVGLPGLSGPVGPPGNPGANGLTGAK,1261,1287,0,2436.18583106357,4,2,Mastomys coucha,Mastomys,Murinae,Muridae,Rodentia,26,218,55.68
306,GEVGLPGLSGPVGPPGNPGANGLTGAK,1261,1287,0,2419.2076650635695,3,1,Mastomys coucha,Mastomys,Murinae,Muridae,Rodentia,26,218,54.45
307,GEVGLPGLSGPVGPPGNPGANGLTGAK,1261,1287,0,2452.17998106357,5,2,Mastomys coucha,Mastomys,Murinae,Muridae,Rodentia,26,218,52.88
308,GEVGLPGLSGPVGPPGNPGANGLTGAK,1261,1287,0,2451.1959650635695,5,1,Mastomys coucha,Mastomys,Murinae,Muridae,Rodentia,26,218,51.38
309,GEVGLPGLSGPVGPPGNPGANGLTGAK,1261,1287,0,2450.2119490635696,5,0,Mastomys coucha,Mastomys,Murinae,Muridae,Rodentia,26,218,38.71
310,GEVGLPGLSGPVGPPGNPGANGLTGAK,1261,1287,0,2403.2135150635695,2,1,Mastomys coucha,Mastomys,Murinae,Muridae,Rodentia,26,218,13.97
311,GELGPVGNPGPAGPAGPR,1243,1260,0,1616.80194573039,1,1,Mastomys coucha,Mastomys,Murinae,Muridae,Rodentia,17,217,86.24
312,GELGPVGNPGPAGPAGPR,1243,1260,0,1615.81792973039,1,0,Mastomys coucha,Mastomys,Murinae,Muridae,Rodentia,17,217,78.28
313,GELGPVGNPGPAGPAGPR,1243,1260,0,1599.82377973039,0,0,Mastomys coucha,Mastomys,Murinae,Muridae,Rodentia,17,217,77.77
314,GELGPVGNPGPAGPAGPR,1243,1260,0,1631.81207973039,2,0,Mastomys coucha,Mastomys,Murinae,Muridae,Rodentia,17,217,70.39
315,GELGPVGNPGPAGPAGPR,1243,1260,0,1600.80779573039,0,1,Mastomys coucha,Mastomys,Murinae,Muridae,Rodentia,17,217,68.04
316,GELGPVGNPGPAGPAGPR,1243,1260,0,1648.79024573039,3,1,Mastomys coucha,Mastomys,Murinae,Muridae,Rodentia,17,217,5.83
317,GELGPVGNPGPAGPAGPR,1243,1260,0,1632.79609573039,2,1,Mastomys coucha,Mastomys,Murinae,Muridae,Rodentia,17,217,4.26
318,GSDGSVGPVGPAGPIGSAGPPGFPGAPGPK,1213,1242,0,2573.2615274678396,2,0,Mastomys coucha,Mastomys,Murinae,Muridae,Rodentia,29,216,97.83
319,GSDGSVGPVGPAGPIGSAGPPGFPGAPGPK,1213,1242,0,2589.2556774678396,3,0,Mastomys coucha,Mastomys,Murinae,Muridae,Rodentia,29,216,93.78
320,GSDGSVGPVGPAGPIGSAGPPGFPGAPGPK,1213,1242,0,2605.2498274678396,4,0,Mastomys coucha,Mastomys,Murinae,Muridae,Rodentia,29,216,53.17
321,VGAPGPAGARGSDGSVGPVGPAGPIGSAGPPGFPGAPGPK,1203,1242,1,3390.71816261797,1,0,Mastomys coucha,Mastomys,Murinae,Muridae,Rodentia,39,215,0.48
322,VGAPGPAGAR,1203,1212,0,868.4627763005999,1,0,Mastomys coucha,Mastomys,Murinae,Muridae,Rodentia,9,214,65.19
323,GRVGAPGPAGAR,1201,1212,1,1081.58535104477,1,0,Mastomys coucha,Mastomys,Murinae,Muridae,Rodentia,11,213,66.0
324,GRVGAPGPAGAR,1201,1212,1,1065.59120104477,0,0,Mastomys coucha,Mastomys,Murinae,Muridae,Rodentia,11,213,4.97
325,GEPGAPGENGTPGQAGARGLPGER,1177,1200,1,2282.02567836763,3,2,Mastomys coucha,Mastomys,Murinae,Muridae,Rodentia,23,211,6.23
326,GEPGAPGENGTPGQAGARGLPGER,1177,1200,1,2280.05764636763,3,0,Mastomys coucha,Mastomys,Murinae,Muridae,Rodentia,23,211,2.55
327,GEPGAPGENGTPGQAGAR,1177,1194,0,1670.73418698894,3,0,Mastomys coucha,Mastomys,Murinae,Muridae,Rodentia,17,210,75.72
328,GEPGAPGENGTPGQAGAR,1177,1194,0,1671.71820298894,3,1,Mastomys coucha,Mastomys,Murinae,Muridae,Rodentia,17,210,62.88
329,GEPGAPGENGTPGQAGAR,1177,1194,0,1672.70221898894,3,2,Mastomys coucha,Mastomys,Murinae,Muridae,Rodentia,17,210,59.27
330,GEPGAPGENGTPGQAGAR,1177,1194,0,1655.72405298894,2,1,Mastomys coucha,Mastomys,Murinae,Muridae,Rodentia,17,210,40.73
331,GEPGAPGENGTPGQAGAR,1177,1194,0,1656.70806898894,2,2,Mastomys coucha,Mastomys,Murinae,Muridae,Rodentia,17,210,23.68
332,GQPGAQGVK,1168,1176,0,859.4148238832898,1,2,Mastomys coucha,Mastomys,Murinae,Muridae,Rodentia,8,209,14.88
333,GQPGAQGVKGEPGAPGENGTPGQAGAR,1168,1194,1,2526.1413037217594,5,1,Mastomys coucha,Mastomys,Murinae,Muridae,Rodentia,26,207,48.41
334,GQPGAQGVKGEPGAPGENGTPGQAGAR,1168,1194,1,2509.1631377217595,4,0,Mastomys coucha,Mastomys,Murinae,Muridae,Rodentia,26,207,27.62
335,GQPGAQGVKGEPGAPGENGTPGQAGAR,1168,1194,1,2525.1572877217595,5,0,Mastomys coucha,Mastomys,Murinae,Muridae,Rodentia,26,207,11.81
336,GQPGAQGVKGEPGAPGENGTPGQAGAR,1168,1194,1,2479.14286972176,2,2,Mastomys coucha,Mastomys,Murinae,Muridae,Rodentia,26,207,7.9
337,GQPGAQGVKGEPGAPGENGTPGQAGAR,1168,1194,1,2493.1689877217595,3,0,Mastomys coucha,Mastomys,Murinae,Muridae,Rodentia,26,207,0.29
338,GHNGLDGLKGQPGAQGVK,1159,1176,1,1780.89135633668,3,0,Mastomys coucha,Mastomys,Murinae,Muridae,Rodentia,17,205,34.92
339,GHNGLDGLKGQPGAQGVK,1159,1176,1,1765.88122233668,2,1,Mastomys coucha,Mastomys,Murinae,Muridae,Rodentia,17,205,28.84
340,GHNGLDGLKGQPGAQGVK,1159,1176,1,1749.88707233668,1,1,Mastomys coucha,Mastomys,Murinae,Muridae,Rodentia,17,205,24.88
341,GHNGLDGLKGQPGAQGVK,1159,1176,1,1764.89720633668,2,0,Mastomys coucha,Mastomys,Murinae,Muridae,Rodentia,17,205,24.21
342,GHNGLDGLKGQPGAQGVK,1159,1176,1,1781.87537233668,3,1,Mastomys coucha,Mastomys,Murinae,Muridae,Rodentia,17,205,23.96
343,GHNGLDGLKGQPGAQGVK,1159,1176,1,1782.85938833668,3,2,Mastomys coucha,Mastomys,Murinae,Muridae,Rodentia,17,205,17.73
344,GHNGLDGLKGQPGAQGVK,1159,1176,1,1766.86523833668,2,2,Mastomys coucha,Mastomys,Murinae,Muridae,Rodentia,17,205,13.3
345,GHNGLDGLK,1159,1167,0,910.47410560386,0,0,Mastomys coucha,Mastomys,Murinae,Muridae,Rodentia,8,204,35.13
346,GHNGLDGLK,1159,1167,0,927.45227160386,1,1,Mastomys coucha,Mastomys,Murinae,Muridae,Rodentia,8,204,34.83
347,GHNGLDGLK,1159,1167,0,911.45812160386,0,1,Mastomys coucha,Mastomys,Murinae,Muridae,Rodentia,8,204,31.09
348,GHNGLDGLK,1159,1167,0,926.46825560386,1,0,Mastomys coucha,Mastomys,Murinae,Muridae,Rodentia,8,204,29.04
349,GFPGTPGLPGFKGIR,1144,1158,1,1548.81460958612,3,0,Mastomys coucha,Mastomys,Murinae,Muridae,Rodentia,14,202,41.9
350,GFPGTPGLPGFKGIR,1144,1158,1,1564.80875958612,4,0,Mastomys coucha,Mastomys,Murinae,Muridae,Rodentia,14,202,39.26
351,GFPGTPGLPGFKGIR,1144,1158,1,1532.82045958612,2,0,Mastomys coucha,Mastomys,Murinae,Muridae,Rodentia,14,202,16.51
352,GFPGTPGLPGFKGIR,1144,1158,1,1516.82630958612,1,0,Mastomys coucha,Mastomys,Murinae,Muridae,Rodentia,14,202,6.88
353,GFPGTPGLPGFK,1144,1155,0,1238.60212086482,4,0,Mastomys coucha,Mastomys,Murinae,Muridae,Rodentia,11,201,62.8
354,GFPGTPGLPGFK,1144,1155,0,1222.60797086482,3,0,Mastomys coucha,Mastomys,Murinae,Muridae,Rodentia,11,201,48.02
355,GFPGTPGLPGFK,1144,1155,0,1206.61382086482,2,0,Mastomys coucha,Mastomys,Murinae,Muridae,Rodentia,11,201,44.11
356,GVVGPQGARGFPGTPGLPGFK,1135,1155,1,2060.05290601495,4,0,Mastomys coucha,Mastomys,Murinae,Muridae,Rodentia,20,200,10.17
357,GVVGPQGARGFPGTPGLPGFK,1135,1155,1,2044.05875601495,3,0,Mastomys coucha,Mastomys,Murinae,Muridae,Rodentia,20,200,9.94
358,GVVGPQGARGFPGTPGLPGFK,1135,1155,1,2061.03692201495,4,1,Mastomys coucha,Mastomys,Murinae,Muridae,Rodentia,20,200,8.59
359,GVVGPQGARGFPGTPGLPGFK,1135,1155,1,2028.06460601495,2,0,Mastomys coucha,Mastomys,Murinae,Muridae,Rodentia,20,200,7.55
360,GVVGPQGAR,1135,1143,0,840.4686263005999,0,0,Mastomys coucha,Mastomys,Murinae,Muridae,Rodentia,8,199,45.85
361,GVVGPQGAR,1135,1143,0,841.4526423005999,0,1,Mastomys coucha,Mastomys,Murinae,Muridae,Rodentia,8,199,31.9
362,GVVGPQGAR,1135,1143,0,856.4627763005999,1,0,Mastomys coucha,Mastomys,Murinae,Muridae,Rodentia,8,199,1.51
363,SGERGVVGPQGAR,1131,1143,1,1269.66582253701,0,0,Mastomys coucha,Mastomys,Murinae,Muridae,Rodentia,12,197,14.06
364,SGERGVVGPQGAR,1131,1143,1,1270.64983853701,0,1,Mastomys coucha,Mastomys,Murinae,Muridae,Rodentia,12,197,2.61
365,SGERGVVGPQGAR,1131,1143,1,1285.65997253701,1,0,Mastomys coucha,Mastomys,Murinae,Muridae,Rodentia,12,197,1.2
366,AGEDGHPGKPGR,1119,1130,0,1209.55915952301,2,0,Mastomys coucha,Mastomys,Murinae,Muridae,Rodentia,11,195,37.12
367,AGEDGHPGKPGR,1119,1130,0,1193.56500952301,1,0,Mastomys coucha,Mastomys,Murinae,Muridae,Rodentia,11,195,32.02
368,AGEDGHPGKPGRSGER,1119,1134,1,1638.75635575942,2,0,Mastomys coucha,Mastomys,Murinae,Muridae,Rodentia,15,194,31.48
369,AGEDGHPGKPGRSGER,1119,1134,1,1654.75050575942,3,0,Mastomys coucha,Mastomys,Murinae,Muridae,Rodentia,15,194,28.74
370,GPPGAVGAPGPQGFQGPAGEPGEPGQTGPAGSR,1078,1110,0,3004.3636884204197,4,1,Mastomys coucha,Mastomys,Murinae,Muridae,Rodentia,32,189,33.75
371,GPPGAVGAPGPQGFQGPAGEPGEPGQTGPAGSR,1078,1110,0,3020.3578384204197,5,1,Mastomys coucha,Mastomys,Murinae,Muridae,Rodentia,32,189,25.86
372,GPPGAVGAPGPQGFQGPAGEPGEPGQTGPAGSR,1078,1110,0,3035.36797242042,6,0,Mastomys coucha,Mastomys,Murinae,Muridae,Rodentia,32,189,25.08
373,GPPGAVGAPGPQGFQGPAGEPGEPGQTGPAGSR,1078,1110,0,2987.38552242042,3,0,Mastomys coucha,Mastomys,Murinae,Muridae,Rodentia,32,189,17.79
374,GPPGAVGAPGPQGFQGPAGEPGEPGQTGPAGSR,1078,1110,0,3005.34770442042,4,2,Mastomys coucha,Mastomys,Murinae,Muridae,Rodentia,32,189,14.58
375,GPPGAVGAPGPQGFQGPAGEPGEPGQTGPAGSR,1078,1110,0,2989.35355442042,3,2,Mastomys coucha,Mastomys,Murinae,Muridae,Rodentia,32,189,14.21
376,GPPGAVGAPGPQGFQGPAGEPGEPGQTGPAGSR,1078,1110,0,3003.37967242042,4,0,Mastomys coucha,Mastomys,Murinae,Muridae,Rodentia,32,189,12.5
377,GPPGAVGAPGPQGFQGPAGEPGEPGQTGPAGSR,1078,1110,0,3022.32587042042,5,3,Mastomys coucha,Mastomys,Murinae,Muridae,Rodentia,32,189,12.44
378,GPPGAVGAPGPQGFQGPAGEPGEPGQTGPAGSR,1078,1110,0,3019.37382242042,5,0,Mastomys coucha,Mastomys,Murinae,Muridae,Rodentia,32,189,12.28
379,GVSSGPGPMGLMGPR,1063,1077,0,1447.66451684811,3,0,Mastomys coucha,Mastomys,Murinae,Muridae,Rodentia,14,188,65.88
380,GVSSGPGPMGLMGPR,1063,1077,0,1431.67036684811,2,0,Mastomys coucha,Mastomys,Murinae,Muridae,Rodentia,14,188,65.43
381,GVSSGPGPMGLMGPR,1063,1077,0,1415.67621684811,1,0,Mastomys coucha,Mastomys,Murinae,Muridae,Rodentia,14,188,65.2
382,GVSSGPGPMGLMGPR,1063,1077,0,1399.68206684811,0,0,Mastomys coucha,Mastomys,Murinae,Muridae,Rodentia,14,188,59.12
383,GVSSGPGPMGLMGPR,1063,1077,0,1463.65866684811,4,0,Mastomys coucha,Mastomys,Murinae,Muridae,Rodentia,14,188,45.24
384,QYSDKGVSSGPGPMGLMGPR,1058,1077,1,2052.94620732804,2,0,Mastomys coucha,Mastomys,Murinae,Muridae,Rodentia,19,185,0.64
385,QYSDKGVSSGPGPMGLMGPR,1058,1077,1,2100.92865732804,5,0,Mastomys coucha,Mastomys,Murinae,Muridae,Rodentia,19,185,0.52
386,QYSDKGVSSGPGPMGLMGPR,1058,1077,1,2101.91267332804,5,1,Mastomys coucha,Mastomys,Murinae,Muridae,Rodentia,19,185,0.1
387,DGLNGLPGPIGPPGPRGR,991,1008,1,1774.9171771617,3,0,Mastomys coucha,Mastomys,Murinae,Muridae,Rodentia,17,182,14.63
388,DGLNGLPGPIGPPGPRGR,991,1008,1,1775.9011931617,3,1,Mastomys coucha,Mastomys,Murinae,Muridae,Rodentia,17,182,12.85
389,DGLNGLPGPIGPPGPR,991,1006,0,1546.7844684175302,2,1,Mastomys coucha,Mastomys,Murinae,Muridae,Rodentia,15,181,67.33
390,DGLNGLPGPIGPPGPR,991,1006,0,1562.7786184175302,3,1,Mastomys coucha,Mastomys,Murinae,Muridae,Rodentia,15,181,64.8
391,DGLNGLPGPIGPPGPR,991,1006,0,1545.80045241753,2,0,Mastomys coucha,Mastomys,Murinae,Muridae,Rodentia,15,181,62.38
392,DGLNGLPGPIGPPGPR,991,1006,0,1530.7903184175302,1,1,Mastomys coucha,Mastomys,Murinae,Muridae,Rodentia,15,181,50.67
393,DGLNGLPGPIGPPGPR,991,1006,0,1561.79460241753,3,0,Mastomys coucha,Mastomys,Murinae,Muridae,Rodentia,15,181,46.68
394,DGLNGLPGPIGPPGPR,991,1006,0,1578.7727684175302,4,1,Mastomys coucha,Mastomys,Murinae,Muridae,Rodentia,15,181,30.45
395,DGLNGLPGPIGPPGPR,991,1006,0,1577.78875241753,4,0,Mastomys coucha,Mastomys,Murinae,Muridae,Rodentia,15,181,25.2
396,DGLNGLPGPIGPPGPR,991,1006,0,1529.80630241753,1,0,Mastomys coucha,Mastomys,Murinae,Muridae,Rodentia,15,181,19.89
397,DGLNGLPGPIGPPGPR,991,1006,0,1513.81215241753,0,0,Mastomys coucha,Mastomys,Murinae,Muridae,Rodentia,15,181,15.98
398,GPPGSAGSPGKDGLNGLPGPIGPPGPR,980,1006,1,2454.2348824536098,3,0,Mastomys coucha,Mastomys,Murinae,Muridae,Rodentia,26,180,61.03
399,GPPGSAGSPGKDGLNGLPGPIGPPGPR,980,1006,1,2487.2071984536096,5,1,Mastomys coucha,Mastomys,Murinae,Muridae,Rodentia,26,180,54.76
400,GPPGSAGSPGKDGLNGLPGPIGPPGPR,980,1006,1,2471.2130484536096,4,1,Mastomys coucha,Mastomys,Murinae,Muridae,Rodentia,26,180,53.81
401,GPPGSAGSPGKDGLNGLPGPIGPPGPR,980,1006,1,2486.2231824536098,5,0,Mastomys coucha,Mastomys,Murinae,Muridae,Rodentia,26,180,47.29
402,GPPGSAGSPGKDGLNGLPGPIGPPGPR,980,1006,1,2455.2188984536097,3,1,Mastomys coucha,Mastomys,Murinae,Muridae,Rodentia,26,180,44.82
403,GPPGSAGSPGKDGLNGLPGPIGPPGPR,980,1006,1,2470.2290324536098,4,0,Mastomys coucha,Mastomys,Murinae,Muridae,Rodentia,26,180,41.78
404,GPPGSAGSPGKDGLNGLPGPIGPPGPR,980,1006,1,2439.2247484536097,2,1,Mastomys coucha,Mastomys,Murinae,Muridae,Rodentia,26,180,40.77
405,GPPGSAGSPGKDGLNGLPGPIGPPGPR,980,1006,1,2502.2173324536097,6,0,Mastomys coucha,Mastomys,Murinae,Muridae,Rodentia,26,180,31.82
406,GPPGSAGSPGKDGLNGLPGPIGPPGPR,980,1006,1,2503.2013484536096,6,1,Mastomys coucha,Mastomys,Murinae,Muridae,Rodentia,26,180,29.86
407,GPPGSAGSPGKDGLNGLPGPIGPPGPR,980,1006,1,2438.24073245361,2,0,Mastomys coucha,Mastomys,Murinae,Muridae,Rodentia,26,180,22.8
408,GPPGSAGSPGK,980,990,0,927.45227118655,1,0,Mastomys coucha,Mastomys,Murinae,Muridae,Rodentia,10,179,67.87
409,GPPGSAGSPGK,980,990,0,943.44642118655,2,0,Mastomys coucha,Mastomys,Murinae,Muridae,Rodentia,10,179,56.26
410,GPPGSAGSPGK,980,990,0,911.45812118655,0,0,Mastomys coucha,Mastomys,Murinae,Muridae,Rodentia,10,179,47.33
411,GFSGLQGPPGSPGSPGEQGPSGASGPAGPR,950,979,0,2695.2319819011395,3,0,Mastomys coucha,Mastomys,Murinae,Muridae,Rodentia,29,177,96.64
412,GFSGLQGPPGSPGSPGEQGPSGASGPAGPR,950,979,0,2680.2218479011394,2,1,Mastomys coucha,Mastomys,Murinae,Muridae,Rodentia,29,177,86.93
413,GFSGLQGPPGSPGSPGEQGPSGASGPAGPR,950,979,0,2664.227697901139,1,1,Mastomys coucha,Mastomys,Murinae,Muridae,Rodentia,29,177,80.33
414,GFSGLQGPPGSPGSPGEQGPSGASGPAGPR,950,979,0,2663.2436819011396,1,0,Mastomys coucha,Mastomys,Murinae,Muridae,Rodentia,29,177,79.53
415,GFSGLQGPPGSPGSPGEQGPSGASGPAGPR,950,979,0,2696.2159979011394,3,1,Mastomys coucha,Mastomys,Murinae,Muridae,Rodentia,29,177,72.53
416,GFSGLQGPPGSPGSPGEQGPSGASGPAGPR,950,979,0,2679.2378319011395,2,0,Mastomys coucha,Mastomys,Murinae,Muridae,Rodentia,29,177,72.1
417,GFSGLQGPPGSPGSPGEQGPSGASGPAGPR,950,979,0,2697.20001390114,3,2,Mastomys coucha,Mastomys,Murinae,Muridae,Rodentia,29,177,68.08
418,GFSGLQGPPGSPGSPGEQGPSGASGPAGPR,950,979,0,2681.20586390114,2,2,Mastomys coucha,Mastomys,Murinae,Muridae,Rodentia,29,177,41.78
419,GFSGLQGPPGSPGSPGEQGPSGASGPAGPR,950,979,0,2665.21171390114,1,2,Mastomys coucha,Mastomys,Murinae,Muridae,Rodentia,29,177,40.15
420,GFSGLQGPPGSPGSPGEQGPSGASGPAGPR,950,979,0,2648.233547901139,0,1,Mastomys coucha,Mastomys,Murinae,Muridae,Rodentia,29,177,38.36
421,GFSGLQGPPGSPGSPGEQGPSGASGPAGPR,950,979,0,2647.2495319011396,0,0,Mastomys coucha,Mastomys,Murinae,Muridae,Rodentia,29,177,27.62
422,GFSGLQGPPGSPGSPGEQGPSGASGPAGPR,950,979,0,2711.2261319011395,4,0,Mastomys coucha,Mastomys,Murinae,Muridae,Rodentia,29,177,26.79
423,GHRGFSGLQGPPGSPGSPGEQGPSGASGPAGPR,947,979,1,3077.4017685037597,5,0,Mastomys coucha,Mastomys,Murinae,Muridae,Rodentia,32,176,4.73
424,GHRGFSGLQGPPGSPGSPGEQGPSGASGPAGPR,947,979,1,3110.3740845037596,7,1,Mastomys coucha,Mastomys,Murinae,Muridae,Rodentia,32,176,4.6
425,GHRGFSGLQGPPGSPGSPGEQGPSGASGPAGPR,947,979,1,3047.38150050376,3,2,Mastomys coucha,Mastomys,Murinae,Muridae,Rodentia,32,176,0.41
426,GETGEQGDR,935,943,0,948.40172850924,0,0,Mastomys coucha,Mastomys,Murinae,Muridae,Rodentia,8,175,39.64
427,GDKGETGEQGDR,932,943,1,1264.53924826764,1,0,Mastomys coucha,Mastomys,Murinae,Muridae,Rodentia,11,173,48.38
428,GETGEQGDRGIK,935,946,1,1262.59636922094,1,0,Mastomys coucha,Mastomys,Murinae,Muridae,Rodentia,11,173,48.38
429,GDKGETGEQGDR,932,943,1,1249.52911426764,0,1,Mastomys coucha,Mastomys,Murinae,Muridae,Rodentia,11,173,42.88
430,GETGEQGDRGIK,935,946,1,1247.58623522094,0,1,Mastomys coucha,Mastomys,Murinae,Muridae,Rodentia,11,173,42.88
431,GDKGETGEQGDR,932,943,1,1248.54509826764,0,0,Mastomys coucha,Mastomys,Murinae,Muridae,Rodentia,11,173,38.84
432,GETGEQGDRGIK,935,946,1,1246.60221922094,0,0,Mastomys coucha,Mastomys,Murinae,Muridae,Rodentia,11,173,38.84
433,GPAGPQGPRGDK,923,934,1,1137.56471193072,0,1,Mastomys coucha,Mastomys,Murinae,Muridae,Rodentia,11,172,27.08
434,GPAGPQGPRGDK,923,934,1,1136.58069593072,0,0,Mastomys coucha,Mastomys,Murinae,Muridae,Rodentia,11,172,26.29
435,GPAGPQGPRGDK,923,934,1,1152.57484593072,1,0,Mastomys coucha,Mastomys,Murinae,Muridae,Rodentia,11,172,14.89
436,GPAGPQGPR,923,931,0,836.4373261723199,0,0,Mastomys coucha,Mastomys,Murinae,Muridae,Rodentia,8,170,56.87
437,GPAGPQGPR,923,931,0,837.4213421723199,0,1,Mastomys coucha,Mastomys,Murinae,Muridae,Rodentia,8,170,47.22
438,GPAGPQGPR,923,931,0,852.4314761723199,1,0,Mastomys coucha,Mastomys,Murinae,Muridae,Rodentia,8,170,28.57
439,GPAGPQGPR,923,931,0,868.4256261723199,2,0,Mastomys coucha,Mastomys,Murinae,Muridae,Rodentia,8,170,15.27
440,GPAGPQGPR,923,931,0,869.4096421723199,2,1,Mastomys coucha,Mastomys,Murinae,Muridae,Rodentia,8,170,4.48
441,GPAGPQGPR,923,931,0,885.4037921723199,3,1,Mastomys coucha,Mastomys,Murinae,Muridae,Rodentia,8,170,2.94
442,GPAGPQGPR,923,931,0,884.4197761723199,3,0,Mastomys coucha,Mastomys,Murinae,Muridae,Rodentia,8,170,1.48
443,GETGPAGPAGPIGPAGARGPAGPQGPR,905,931,1,2350.20106558709,0,0,Mastomys coucha,Mastomys,Murinae,Muridae,Rodentia,26,169,15.88
444,GETGPAGPAGPIGPAGARGPAGPQGPR,905,931,1,2414.17766558709,4,0,Mastomys coucha,Mastomys,Murinae,Muridae,Rodentia,26,169,0.79
445,GETGPAGPAGPIGPAGAR,905,922,0,1532.78158056524,0,0,Mastomys coucha,Mastomys,Murinae,Muridae,Rodentia,17,168,84.59
446,GETGPAGPAGPIGPAGAR,905,922,0,1548.77573056524,1,0,Mastomys coucha,Mastomys,Murinae,Muridae,Rodentia,17,168,61.71
447,GETGPAGPAGPIGPAGAR,905,922,0,1564.76988056524,2,0,Mastomys coucha,Mastomys,Murinae,Muridae,Rodentia,17,168,12.65
448,SGDRGETGPAGPAGPIGPAGAR,901,922,1,1947.96312673751,0,0,Mastomys coucha,Mastomys,Murinae,Muridae,Rodentia,21,166,70.74
449,SGDRGETGPAGPAGPIGPAGAR,901,922,1,1963.95727673751,1,0,Mastomys coucha,Mastomys,Murinae,Muridae,Rodentia,21,166,25.78
450,SGDRGETGPAGPAGPIGPAGAR,901,922,1,1979.95142673751,2,0,Mastomys coucha,Mastomys,Murinae,Muridae,Rodentia,21,166,9.69
451,GETGPAGPPGAPGAPGAPGPVGPAGKSGDR,875,904,1,2616.22463900559,5,0,Mastomys coucha,Mastomys,Murinae,Muridae,Rodentia,29,165,16.53
452,GETGPAGPPGAPGAPGAPGPVGPAGKSGDR,875,904,1,2632.2187890055898,6,0,Mastomys coucha,Mastomys,Murinae,Muridae,Rodentia,29,165,9.76
453,GETGPAGPPGAPGAPGAPGPVGPAGK,875,900,0,2169.05479283332,3,0,Mastomys coucha,Mastomys,Murinae,Muridae,Rodentia,25,164,81.0
454,GETGPAGPPGAPGAPGAPGPVGPAGK,875,900,0,2185.04894283332,4,0,Mastomys coucha,Mastomys,Murinae,Muridae,Rodentia,25,164,67.18
455,GETGPAGPPGAPGAPGAPGPVGPAGK,875,900,0,2153.06064283332,2,0,Mastomys coucha,Mastomys,Murinae,Muridae,Rodentia,25,164,59.46
456,GETGPAGPPGAPGAPGAPGPVGPAGK,875,900,0,2137.06649283332,1,0,Mastomys coucha,Mastomys,Murinae,Muridae,Rodentia,25,164,53.67
457,GETGPAGPPGAPGAPGAPGPVGPAGK,875,900,0,2217.03724283332,6,0,Mastomys coucha,Mastomys,Murinae,Muridae,Rodentia,25,164,11.29
458,GDRGETGPAGPPGAPGAPGAPGPVGPAGK,872,900,1,2481.21016060132,2,0,Mastomys coucha,Mastomys,Murinae,Muridae,Rodentia,28,163,57.2
459,GDRGETGPAGPPGAPGAPGAPGPVGPAGK,872,900,1,2513.19846060132,4,0,Mastomys coucha,Mastomys,Murinae,Muridae,Rodentia,28,163,45.33
460,GDRGETGPAGPPGAPGAPGAPGPVGPAGK,872,900,1,2497.20431060132,3,0,Mastomys coucha,Mastomys,Murinae,Muridae,Rodentia,28,163,44.88
461,GDRGETGPAGPPGAPGAPGAPGPVGPAGK,872,900,1,2465.21601060132,1,0,Mastomys coucha,Mastomys,Murinae,Muridae,Rodentia,28,163,39.83
462,GDRGETGPAGPPGAPGAPGAPGPVGPAGK,872,900,1,2449.22186060132,0,0,Mastomys coucha,Mastomys,Murinae,Muridae,Rodentia,28,163,32.29
463,GDRGETGPAGPPGAPGAPGAPGPVGPAGK,872,900,1,2529.19261060132,5,0,Mastomys coucha,Mastomys,Murinae,Muridae,Rodentia,28,163,21.89
464,DGAPGAKGDR,865,874,1,975.44748381571,2,0,Mastomys coucha,Mastomys,Murinae,Muridae,Rodentia,9,161,47.79
465,DGAPGAKGDR,865,874,1,959.45333381571,1,0,Mastomys coucha,Mastomys,Murinae,Muridae,Rodentia,9,161,40.61
466,DGAPGAKGDR,865,874,1,943.45918381571,0,0,Mastomys coucha,Mastomys,Murinae,Muridae,Rodentia,9,161,29.67
467,EGSPGAEGSPGRDGAPGAK,853,871,1,1744.77096642048,3,0,Mastomys coucha,Mastomys,Murinae,Muridae,Rodentia,18,159,61.67
468,EGSPGAEGSPGRDGAPGAK,853,871,1,1728.77681642048,2,0,Mastomys coucha,Mastomys,Murinae,Muridae,Rodentia,18,159,51.54
469,EGSPGAEGSPGRDGAPGAK,853,871,1,1712.78266642048,1,0,Mastomys coucha,Mastomys,Murinae,Muridae,Rodentia,18,159,14.11
470,EGSPGAEGSPGR,853,864,0,1116.49084152324,1,0,Mastomys coucha,Mastomys,Murinae,Muridae,Rodentia,11,158,67.54
471,EGSPGAEGSPGR,853,864,0,1132.48499152324,2,0,Mastomys coucha,Mastomys,Murinae,Muridae,Rodentia,11,158,60.88
472,EGSPGAEGSPGR,853,864,0,1100.49669152324,0,0,Mastomys coucha,Mastomys,Murinae,Muridae,Rodentia,11,158,23.1
473,GPPGPMGPPGLAGPPGESGREGSPGAEGSPGR,833,864,1,2946.3244296998496,5,0,Mastomys coucha,Mastomys,Murinae,Muridae,Rodentia,31,157,24.08
474,GPPGPMGPPGLAGPPGESGREGSPGAEGSPGR,833,864,1,2962.3185796998496,6,0,Mastomys coucha,Mastomys,Murinae,Muridae,Rodentia,31,157,5.15
475,GPPGPMGPPGLAGPPGESGREGSPGAEGSPGR,833,864,1,2914.3361296998496,3,0,Mastomys coucha,Mastomys,Murinae,Muridae,Rodentia,31,157,0.94
476,GPPGPMGPPGLAGPPGESGR,833,852,0,1832.85727932708,3,0,Mastomys coucha,Mastomys,Murinae,Muridae,Rodentia,19,156,97.64
477,GPPGPMGPPGLAGPPGESGR,833,852,0,1784.87482932708,0,0,Mastomys coucha,Mastomys,Murinae,Muridae,Rodentia,19,156,84.71
478,GPPGPMGPPGLAGPPGESGR,833,852,0,1800.86897932708,1,0,Mastomys coucha,Mastomys,Murinae,Muridae,Rodentia,19,156,83.81
479,GPPGPMGPPGLAGPPGESGR,833,852,0,1816.86312932708,2,0,Mastomys coucha,Mastomys,Murinae,Muridae,Rodentia,19,156,79.01
480,GPPGPMGPPGLAGPPGESGR,833,852,0,1864.84557932708,5,0,Mastomys coucha,Mastomys,Murinae,Muridae,Rodentia,19,156,66.68
481,GPPGPMGPPGLAGPPGESGR,833,852,0,1848.85142932708,4,0,Mastomys coucha,Mastomys,Murinae,Muridae,Rodentia,19,156,65.51
482,QGPSGSSGERGPPGPMGPPGLAGPPGESGR,823,852,1,2759.2786511673,2,0,Mastomys coucha,Mastomys,Murinae,Muridae,Rodentia,29,154,46.66
483,QGPSGSSGERGPPGPMGPPGLAGPPGESGR,823,852,1,2775.2728011673,3,0,Mastomys coucha,Mastomys,Murinae,Muridae,Rodentia,29,154,46.09
484,QGPSGSSGERGPPGPMGPPGLAGPPGESGR,823,852,1,2760.2626671672997,2,1,Mastomys coucha,Mastomys,Murinae,Muridae,Rodentia,29,154,44.36
485,QGPSGSSGERGPPGPMGPPGLAGPPGESGR,823,852,1,2791.2669511673,4,0,Mastomys coucha,Mastomys,Murinae,Muridae,Rodentia,29,154,27.18
486,QGPSGSSGERGPPGPMGPPGLAGPPGESGR,823,852,1,2727.2903511673,0,0,Mastomys coucha,Mastomys,Murinae,Muridae,Rodentia,29,154,21.92
487,QGPSGSSGERGPPGPMGPPGLAGPPGESGR,823,852,1,2807.2611011673,5,0,Mastomys coucha,Mastomys,Murinae,Muridae,Rodentia,29,154,20.69
488,QGPSGSSGERGPPGPMGPPGLAGPPGESGR,823,852,1,2743.2845011673,1,0,Mastomys coucha,Mastomys,Murinae,Muridae,Rodentia,29,154,16.54
489,QGPSGSSGERGPPGPMGPPGLAGPPGESGR,823,852,1,2728.2743671672997,0,1,Mastomys coucha,Mastomys,Murinae,Muridae,Rodentia,29,154,13.78
490,QGPSGSSGERGPPGPMGPPGLAGPPGESGR,823,852,1,2808.2451171672997,5,1,Mastomys coucha,Mastomys,Murinae,Muridae,Rodentia,29,154,4.49
491,QGPSGSSGER,823,832,0,961.43336299069,0,0,Mastomys coucha,Mastomys,Murinae,Muridae,Rodentia,9,153,49.38
492,QGPSGSSGER,823,832,0,962.41737899069,0,1,Mastomys coucha,Mastomys,Murinae,Muridae,Rodentia,9,153,13.67
493,GFPGLPGPSGEPGKQGPSGSSGER,809,832,1,2271.0620993853,2,0,Mastomys coucha,Mastomys,Murinae,Muridae,Rodentia,23,152,52.15
494,GFPGLPGPSGEPGKQGPSGSSGER,809,832,1,2287.0562493853,3,0,Mastomys coucha,Mastomys,Murinae,Muridae,Rodentia,23,152,43.63
495,GFPGLPGPSGEPGKQGPSGSSGER,809,832,1,2256.0519653853,1,1,Mastomys coucha,Mastomys,Murinae,Muridae,Rodentia,23,152,15.92
496,GFPGLPGPSGEPGKQGPSGSSGER,809,832,1,2272.0461153853,2,1,Mastomys coucha,Mastomys,Murinae,Muridae,Rodentia,23,152,12.68
497,GFPGLPGPSGEPGKQGPSGSSGER,809,832,1,2288.0402653853,3,1,Mastomys coucha,Mastomys,Murinae,Muridae,Rodentia,23,152,4.58
498,GFPGLPGPSGEPGK,809,822,0,1328.64657754508,2,0,Mastomys coucha,Mastomys,Murinae,Muridae,Rodentia,13,151,70.99
499,GFPGLPGPSGEPGK,809,822,0,1344.64072754508,3,0,Mastomys coucha,Mastomys,Murinae,Muridae,Rodentia,13,151,67.95
500,GFPGLPGPSGEPGK,809,822,0,1312.65242754508,1,0,Mastomys coucha,Mastomys,Murinae,Muridae,Rodentia,13,151,64.84
501,GFPGLPGPSGEPGK,809,822,0,1296.65827754508,0,0,Mastomys coucha,Mastomys,Murinae,Muridae,Rodentia,13,151,33.81
502,GFPGLPGPSGEPGK,809,822,0,1360.63487754508,4,0,Mastomys coucha,Mastomys,Murinae,Muridae,Rodentia,13,151,17.46
503,GERGFPGLPGPSGEPGK,806,822,1,1670.81174537722,2,0,Mastomys coucha,Mastomys,Murinae,Muridae,Rodentia,16,150,24.96
504,GERGFPGLPGPSGEPGK,806,822,1,1686.80589537722,3,0,Mastomys coucha,Mastomys,Murinae,Muridae,Rodentia,16,150,16.13
505,GERGFPGLPGPSGEPGK,806,822,1,1654.81759537722,1,0,Mastomys coucha,Mastomys,Murinae,Muridae,Rodentia,16,150,11.64
506,GVVGLPGQRGER,797,808,1,1240.67489432516,1,0,Mastomys coucha,Mastomys,Murinae,Muridae,Rodentia,11,149,35.68
507,GVVGLPGQRGER,797,808,1,1241.6589103251602,1,1,Mastomys coucha,Mastomys,Murinae,Muridae,Rodentia,11,149,27.08
508,GVVGLPGQR,797,805,0,898.5097264930199,1,0,Mastomys coucha,Mastomys,Murinae,Muridae,Rodentia,8,148,53.81
509,GVVGLPGQR,797,805,0,899.4937424930199,1,1,Mastomys coucha,Mastomys,Murinae,Muridae,Rodentia,8,148,46.98
510,GVVGLPGQR,797,805,0,882.5155764930199,0,0,Mastomys coucha,Mastomys,Murinae,Muridae,Rodentia,8,148,39.57
511,GVVGLPGQR,797,805,0,883.4995924930199,0,1,Mastomys coucha,Mastomys,Murinae,Muridae,Rodentia,8,148,27.73
512,GSPGADGPAGSPGTPGPQGIAGQRGVVGLPGQR,773,805,1,3002.45393716803,3,2,Mastomys coucha,Mastomys,Murinae,Muridae,Rodentia,32,147,12.06
513,GSPGADGPAGSPGTPGPQGIAGQRGVVGLPGQR,773,805,1,3016.4800551680296,4,0,Mastomys coucha,Mastomys,Murinae,Muridae,Rodentia,32,147,6.9
514,GSPGADGPAGSPGTPGPQGIAGQR,773,796,0,2120.99401982548,2,0,Mastomys coucha,Mastomys,Murinae,Muridae,Rodentia,23,146,95.12
515,GSPGADGPAGSPGTPGPQGIAGQR,773,796,0,2136.98816982548,3,0,Mastomys coucha,Mastomys,Murinae,Muridae,Rodentia,23,146,89.45
516,GSPGADGPAGSPGTPGPQGIAGQR,773,796,0,2105.98388582548,1,1,Mastomys coucha,Mastomys,Murinae,Muridae,Rodentia,23,146,78.52
517,GSPGADGPAGSPGTPGPQGIAGQR,773,796,0,2104.99986982548,1,0,Mastomys coucha,Mastomys,Murinae,Muridae,Rodentia,23,146,69.4
518,GSPGADGPAGSPGTPGPQGIAGQR,773,796,0,2137.97218582548,3,1,Mastomys coucha,Mastomys,Murinae,Muridae,Rodentia,23,146,54.89
519,GSPGADGPAGSPGTPGPQGIAGQR,773,796,0,2089.98973582548,0,1,Mastomys coucha,Mastomys,Murinae,Muridae,Rodentia,23,146,52.96
520,GSPGADGPAGSPGTPGPQGIAGQR,773,796,0,2138.95620182548,3,2,Mastomys coucha,Mastomys,Murinae,Muridae,Rodentia,23,146,52.79
521,GSPGADGPAGSPGTPGPQGIAGQR,773,796,0,2106.96790182548,1,2,Mastomys coucha,Mastomys,Murinae,Muridae,Rodentia,23,146,40.19
522,GSPGADGPAGSPGTPGPQGIAGQR,773,796,0,2122.96205182548,2,2,Mastomys coucha,Mastomys,Murinae,Muridae,Rodentia,23,146,39.74
523,GSPGADGPAGSPGTPGPQGIAGQR,773,796,0,2089.00571982548,0,0,Mastomys coucha,Mastomys,Murinae,Muridae,Rodentia,23,146,38.8
524,GSPGADGPAGSPGTPGPQGIAGQR,773,796,0,2121.97803582548,2,1,Mastomys coucha,Mastomys,Murinae,Muridae,Rodentia,23,146,34.37
525,GSPGADGPAGSPGTPGPQGIAGQR,773,796,0,2170.94450182548,5,2,Mastomys coucha,Mastomys,Murinae,Muridae,Rodentia,23,146,4.18
526,GETGPAGRPGEVGPPGPPGPAGEK,749,772,0,2232.0496711093097,4,0,Mastomys coucha,Mastomys,Murinae,Muridae,Rodentia,23,143,48.46
527,GETGPAGRPGEVGPPGPPGPAGEK,749,772,0,2216.0555211093097,3,0,Mastomys coucha,Mastomys,Murinae,Muridae,Rodentia,23,143,46.48
528,GETGPAGRPGEVGPPGPPGPAGEK,749,772,0,2200.0613711093097,2,0,Mastomys coucha,Mastomys,Murinae,Muridae,Rodentia,23,143,44.97
529,GETGPAGRPGEVGPPGPPGPAGEK,749,772,0,2248.0438211093096,5,0,Mastomys coucha,Mastomys,Murinae,Muridae,Rodentia,23,143,2.86
530,GETGPAGRPGEVGPPGPPGPAGEK,749,772,0,2280.0321211093096,7,0,Mastomys coucha,Mastomys,Murinae,Muridae,Rodentia,23,143,0.49
531,VGPPGPSGNAGPPGPPGPVGKEGGK,721,745,1,2212.09699199847,3,0,Mastomys coucha,Mastomys,Murinae,Muridae,Rodentia,24,138,14.13
532,VGPPGPSGNAGPPGPPGPVGKEGGK,721,745,1,2260.07944199847,6,0,Mastomys coucha,Mastomys,Murinae,Muridae,Rodentia,24,138,1.56
533,VGPPGPSGNAGPPGPPGPVGKEGGK,721,745,1,2228.09114199847,4,0,Mastomys coucha,Mastomys,Murinae,Muridae,Rodentia,24,138,0.76
534,VGPPGPSGNAGPPGPPGPVGK,721,741,0,1840.91650845536,3,0,Mastomys coucha,Mastomys,Murinae,Muridae,Rodentia,20,137,60.93
535,VGPPGPSGNAGPPGPPGPVGK,721,741,0,1856.91065845536,4,0,Mastomys coucha,Mastomys,Murinae,Muridae,Rodentia,20,137,46.64
536,VGPPGPSGNAGPPGPPGPVGK,721,741,0,1824.92235845536,2,0,Mastomys coucha,Mastomys,Murinae,Muridae,Rodentia,20,137,46.04
537,VGPPGPSGNAGPPGPPGPVGK,721,741,0,1841.9005244553605,3,1,Mastomys coucha,Mastomys,Murinae,Muridae,Rodentia,20,137,45.41
538,VGPPGPSGNAGPPGPPGPVGK,721,741,0,1857.89467445536,4,1,Mastomys coucha,Mastomys,Murinae,Muridae,Rodentia,20,137,36.95
539,VGPPGPSGNAGPPGPPGPVGK,721,741,0,1872.90480845536,5,0,Mastomys coucha,Mastomys,Murinae,Muridae,Rodentia,20,137,13.76
540,VGPPGPSGNAGPPGPPGPVGK,721,741,0,1905.87712445536,7,1,Mastomys coucha,Mastomys,Murinae,Muridae,Rodentia,20,137,8.16
541,VGPPGPSGNAGPPGPPGPVGK,721,741,0,1825.9063744553605,2,1,Mastomys coucha,Mastomys,Murinae,Muridae,Rodentia,20,137,7.61
542,VGPPGPSGNAGPPGPPGPVGK,721,741,0,1873.88882445536,5,1,Mastomys coucha,Mastomys,Murinae,Muridae,Rodentia,20,137,6.56
543,VGPPGPSGNAGPPGPPGPVGK,721,741,0,1889.88297445536,6,1,Mastomys coucha,Mastomys,Murinae,Muridae,Rodentia,20,137,6.06
544,GAAGPPGATGFPGAAGRVGPPGPSGNAGPPGPPGPVGK,704,741,1,3265.59465465388,5,0,Mastomys coucha,Mastomys,Murinae,Muridae,Rodentia,37,136,17.89
545,GAAGPPGATGFPGAAGRVGPPGPSGNAGPPGPPGPVGK,704,741,1,3266.5786706538797,5,1,Mastomys coucha,Mastomys,Murinae,Muridae,Rodentia,37,136,10.08
546,GAAGPPGATGFPGAAGR,704,720,0,1443.69598734899,2,0,Mastomys coucha,Mastomys,Murinae,Muridae,Rodentia,16,135,114.73
547,GAAGPPGATGFPGAAGR,704,720,0,1459.69013734899,3,0,Mastomys coucha,Mastomys,Murinae,Muridae,Rodentia,16,135,51.21
548,GAAGPPGATGFPGAAGR,704,720,0,1427.70183734899,1,0,Mastomys coucha,Mastomys,Murinae,Muridae,Rodentia,16,135,8.49
549,GSRGAAGPPGATGFPGAAGR,701,720,1,1743.85059049743,2,0,Mastomys coucha,Mastomys,Murinae,Muridae,Rodentia,19,133,66.56
550,GSRGAAGPPGATGFPGAAGR,701,720,1,1759.84474049743,3,0,Mastomys coucha,Mastomys,Murinae,Muridae,Rodentia,19,133,8.68
551,GDAGPPGPAGPAGPPGPIGNVGAPGPKGSR,674,703,1,2623.28285893162,4,0,Mastomys coucha,Mastomys,Murinae,Muridae,Rodentia,29,132,45.02
552,GDAGPPGPAGPAGPPGPIGNVGAPGPKGSR,674,703,1,2639.27700893162,5,0,Mastomys coucha,Mastomys,Murinae,Muridae,Rodentia,29,132,25.62
553,GDAGPPGPAGPAGPPGPIGNVGAPGPKGSR,674,703,1,2607.28870893162,3,0,Mastomys coucha,Mastomys,Murinae,Muridae,Rodentia,29,132,17.95
554,GDAGPPGPAGPAGPPGPIGNVGAPGPKGSR,674,703,1,2624.26687493162,4,1,Mastomys coucha,Mastomys,Murinae,Muridae,Rodentia,29,132,7.39
555,GDAGPPGPAGPAGPPGPIGNVGAPGPK,674,700,0,2275.14580578318,1,0,Mastomys coucha,Mastomys,Murinae,Muridae,Rodentia,26,131,88.97
556,GDAGPPGPAGPAGPPGPIGNVGAPGPK,674,700,0,2291.13995578318,2,0,Mastomys coucha,Mastomys,Murinae,Muridae,Rodentia,26,131,88.02
557,GDAGPPGPAGPAGPPGPIGNVGAPGPK,674,700,0,2292.12397178318,2,1,Mastomys coucha,Mastomys,Murinae,Muridae,Rodentia,26,131,61.27
558,GDAGPPGPAGPAGPPGPIGNVGAPGPK,674,700,0,2307.13410578318,3,0,Mastomys coucha,Mastomys,Murinae,Muridae,Rodentia,26,131,59.3
559,GDAGPPGPAGPAGPPGPIGNVGAPGPK,674,700,0,2323.12825578318,4,0,Mastomys coucha,Mastomys,Murinae,Muridae,Rodentia,26,131,53.92
560,GDAGPPGPAGPAGPPGPIGNVGAPGPK,674,700,0,2324.11227178318,4,1,Mastomys coucha,Mastomys,Murinae,Muridae,Rodentia,26,131,36.46
561,GDAGPPGPAGPAGPPGPIGNVGAPGPK,674,700,0,2308.11812178318,3,1,Mastomys coucha,Mastomys,Murinae,Muridae,Rodentia,26,131,33.38
562,GDAGPPGPAGPAGPPGPIGNVGAPGPK,674,700,0,2259.15165578318,0,0,Mastomys coucha,Mastomys,Murinae,Muridae,Rodentia,26,131,21.58
563,GDAGPPGPAGPAGPPGPIGNVGAPGPK,674,700,0,2356.10057178318,6,1,Mastomys coucha,Mastomys,Murinae,Muridae,Rodentia,26,131,0.45
564,GEPGDTGVKGDAGPPGPAGPAGPPGPIGNVGAPGPK,665,700,1,3195.51430230094,6,0,Mastomys coucha,Mastomys,Murinae,Muridae,Rodentia,35,129,55.63
565,GEPGDTGVKGDAGPPGPAGPAGPPGPIGNVGAPGPK,665,700,1,3179.52015230094,5,0,Mastomys coucha,Mastomys,Murinae,Muridae,Rodentia,35,129,50.18
566,GEPGDTGVKGDAGPPGPAGPAGPPGPIGNVGAPGPK,665,700,1,3131.53770230094,2,0,Mastomys coucha,Mastomys,Murinae,Muridae,Rodentia,35,129,47.77
567,GEPGDTGVKGDAGPPGPAGPAGPPGPIGNVGAPGPK,665,700,1,3164.51001830094,4,1,Mastomys coucha,Mastomys,Murinae,Muridae,Rodentia,35,129,43.09
568,GEPGDTGVKGDAGPPGPAGPAGPPGPIGNVGAPGPK,665,700,1,3147.53185230094,3,0,Mastomys coucha,Mastomys,Murinae,Muridae,Rodentia,35,129,42.38
569,GEPGDTGVKGDAGPPGPAGPAGPPGPIGNVGAPGPK,665,700,1,3196.49831830094,6,1,Mastomys coucha,Mastomys,Murinae,Muridae,Rodentia,35,129,34.12
570,GEPGDTGVKGDAGPPGPAGPAGPPGPIGNVGAPGPK,665,700,1,3163.52600230094,4,0,Mastomys coucha,Mastomys,Murinae,Muridae,Rodentia,35,129,29.3
571,GEPGDTGVKGDAGPPGPAGPAGPPGPIGNVGAPGPK,665,700,1,3180.50416830094,5,1,Mastomys coucha,Mastomys,Murinae,Muridae,Rodentia,35,129,0.86
572,GEPGDTGVKGDAGPPGPAGPAGPPGPIGNVGAPGPK,665,700,1,3148.51586830094,3,1,Mastomys coucha,Mastomys,Murinae,Muridae,Rodentia,35,129,0.58
573,GEPGDTGVK,665,673,0,875.4097376682299,1,0,Mastomys coucha,Mastomys,Murinae,Muridae,Rodentia,8,128,6.61
574,GEAGPPGPAGFAGPPGADGQPGAKGEPGDTGVK,641,673,1,2980.35168999351,5,0,Mastomys coucha,Mastomys,Murinae,Muridae,Rodentia,32,127,28.68
575,GEAGPPGPAGFAGPPGADGQPGAKGEPGDTGVK,641,673,1,2964.35753999351,4,0,Mastomys coucha,Mastomys,Murinae,Muridae,Rodentia,32,127,17.65
576,GEAGPPGPAGFAGPPGADGQPGAKGEPGDTGVK,641,673,1,2965.3415559935097,4,1,Mastomys coucha,Mastomys,Murinae,Muridae,Rodentia,32,127,16.91
577,GEAGPPGPAGFAGPPGADGQPGAKGEPGDTGVK,641,673,1,2948.36338999351,3,0,Mastomys coucha,Mastomys,Murinae,Muridae,Rodentia,32,127,12.51
578,GEAGPPGPAGFAGPPGADGQPGAKGEPGDTGVK,641,673,1,2996.34583999351,6,0,Mastomys coucha,Mastomys,Murinae,Muridae,Rodentia,32,127,12.0
579,GEAGPPGPAGFAGPPGADGQPGAKGEPGDTGVK,641,673,1,2949.3474059935097,3,1,Mastomys coucha,Mastomys,Murinae,Muridae,Rodentia,32,127,11.82
580,GEAGPPGPAGFAGPPGADGQPGAKGEPGDTGVK,641,673,1,2997.3298559935097,6,1,Mastomys coucha,Mastomys,Murinae,Muridae,Rodentia,32,127,9.35
581,GEAGPPGPAGFAGPPGADGQPGAKGEPGDTGVK,641,673,1,2932.36923999351,2,0,Mastomys coucha,Mastomys,Murinae,Muridae,Rodentia,32,127,0.1
582,GEAGPPGPAGFAGPPGADGQPGAK,641,664,0,2091.97149347575,2,0,Mastomys coucha,Mastomys,Murinae,Muridae,Rodentia,23,126,81.15
583,GEAGPPGPAGFAGPPGADGQPGAK,641,664,0,2123.95979347575,4,0,Mastomys coucha,Mastomys,Murinae,Muridae,Rodentia,23,126,78.2
584,GEAGPPGPAGFAGPPGADGQPGAK,641,664,0,2107.96564347575,3,0,Mastomys coucha,Mastomys,Murinae,Muridae,Rodentia,23,126,67.7
585,GEAGPPGPAGFAGPPGADGQPGAK,641,664,0,2092.9555094757497,2,1,Mastomys coucha,Mastomys,Murinae,Muridae,Rodentia,23,126,47.73
586,GEAGPPGPAGFAGPPGADGQPGAK,641,664,0,2124.9438094757497,4,1,Mastomys coucha,Mastomys,Murinae,Muridae,Rodentia,23,126,47.65
587,GEAGPPGPAGFAGPPGADGQPGAK,641,664,0,2108.9496594757497,3,1,Mastomys coucha,Mastomys,Murinae,Muridae,Rodentia,23,126,36.73
588,GEAGPPGPAGFAGPPGADGQPGAK,641,664,0,2139.95394347575,5,0,Mastomys coucha,Mastomys,Murinae,Muridae,Rodentia,23,126,36.37
589,GEAGPPGPAGFAGPPGADGQPGAK,641,664,0,2075.97734347575,1,0,Mastomys coucha,Mastomys,Murinae,Muridae,Rodentia,23,126,16.58
590,GEAGPPGPAGFAGPPGADGQPGAK,641,664,0,2060.9672094757498,0,1,Mastomys coucha,Mastomys,Murinae,Muridae,Rodentia,23,126,1.95
591,GAPGDRGEAGPPGPAGFAGPPGADGQPGAK,635,664,1,2693.2148025978795,5,0,Mastomys coucha,Mastomys,Murinae,Muridae,Rodentia,29,124,46.3
592,GAPGDRGEAGPPGPAGFAGPPGADGQPGAK,635,664,1,2677.2206525978795,4,0,Mastomys coucha,Mastomys,Murinae,Muridae,Rodentia,29,124,44.71
593,GAPGDRGEAGPPGPAGFAGPPGADGQPGAK,635,664,1,2694.1988185978794,5,1,Mastomys coucha,Mastomys,Murinae,Muridae,Rodentia,29,124,35.27
594,GAPGDRGEAGPPGPAGFAGPPGADGQPGAK,635,664,1,2661.2265025978795,3,0,Mastomys coucha,Mastomys,Murinae,Muridae,Rodentia,29,124,35.06
595,GAPGDRGEAGPPGPAGFAGPPGADGQPGAK,635,664,1,2678.2046685978794,4,1,Mastomys coucha,Mastomys,Murinae,Muridae,Rodentia,29,124,31.09
596,GAPGDRGEAGPPGPAGFAGPPGADGQPGAK,635,664,1,2645.2323525978795,2,0,Mastomys coucha,Mastomys,Murinae,Muridae,Rodentia,29,124,28.27
597,GAPGDRGEAGPPGPAGFAGPPGADGQPGAK,635,664,1,2662.2105185978794,3,1,Mastomys coucha,Mastomys,Murinae,Muridae,Rodentia,29,124,21.74
598,GAPGDRGEAGPPGPAGFAGPPGADGQPGAK,635,664,1,2709.2089525978795,6,0,Mastomys coucha,Mastomys,Murinae,Muridae,Rodentia,29,124,6.31
599,GAPGDRGEAGPPGPAGFAGPPGADGQPGAK,635,664,1,2726.1871185978794,7,1,Mastomys coucha,Mastomys,Murinae,Muridae,Rodentia,29,124,0.77
600,GETGPSGPPGPTGAR,620,634,0,1337.64441838609,0,0,Mastomys coucha,Mastomys,Murinae,Muridae,Rodentia,14,123,68.57
601,GETGPSGPPGPTGAR,620,634,0,1353.63856838609,1,0,Mastomys coucha,Mastomys,Murinae,Muridae,Rodentia,14,123,2.04
602,GLTGPIGPPGPAGAPGDKGETGPSGPPGPTGAR,602,634,1,2909.4372599836797,2,0,Mastomys coucha,Mastomys,Murinae,Muridae,Rodentia,32,122,55.32
603,GLTGPIGPPGPAGAPGDKGETGPSGPPGPTGAR,602,634,1,2893.4431099836797,1,0,Mastomys coucha,Mastomys,Murinae,Muridae,Rodentia,32,122,52.7
604,GLTGPIGPPGPAGAPGDKGETGPSGPPGPTGAR,602,634,1,2925.4314099836797,3,0,Mastomys coucha,Mastomys,Murinae,Muridae,Rodentia,32,122,39.94
605,GLTGPIGPPGPAGAPGDKGETGPSGPPGPTGAR,602,634,1,2941.4255599836797,4,0,Mastomys coucha,Mastomys,Murinae,Muridae,Rodentia,32,122,23.65
606,GLTGPIGPPGPAGAPGDKGETGPSGPPGPTGAR,602,634,1,2957.4197099836797,5,0,Mastomys coucha,Mastomys,Murinae,Muridae,Rodentia,32,122,6.74
607,GLTGPIGPPGPAGAPGDK,602,619,0,1574.81653274806,1,0,Mastomys coucha,Mastomys,Murinae,Muridae,Rodentia,17,121,68.59
608,GLTGPIGPPGPAGAPGDK,602,619,0,1606.80483274806,3,0,Mastomys coucha,Mastomys,Murinae,Muridae,Rodentia,17,121,41.73
609,GLTGPIGPPGPAGAPGDK,602,619,0,1590.81068274806,2,0,Mastomys coucha,Mastomys,Murinae,Muridae,Rodentia,17,121,22.31
610,GLTGPIGPPGPAGAPGDK,602,619,0,1654.78728274806,6,0,Mastomys coucha,Mastomys,Murinae,Muridae,Rodentia,17,121,0.73
611,DGARGLTGPIGPPGPAGAPGDK,598,619,1,2005.99146430077,3,0,Mastomys coucha,Mastomys,Murinae,Muridae,Rodentia,21,119,1.34
612,DGARGLTGPIGPPGPAGAPGDK,598,619,1,2021.98561430077,4,0,Mastomys coucha,Mastomys,Murinae,Muridae,Rodentia,21,119,0.36
613,GADGSPGKDGAR,590,601,1,1103.50682594055,1,0,Mastomys coucha,Mastomys,Murinae,Muridae,Rodentia,11,118,58.72
614,GADGSPGKDGAR,590,601,1,1087.51267594055,0,0,Mastomys coucha,Mastomys,Murinae,Muridae,Rodentia,11,118,42.78
615,GADGSPGKDGAR,590,601,1,1119.50097594055,2,0,Mastomys coucha,Mastomys,Murinae,Muridae,Rodentia,11,118,4.47
616,GDAGPKGADGSPGK,584,597,1,1229.57490550037,1,0,Mastomys coucha,Mastomys,Murinae,Muridae,Rodentia,13,115,3.24
617,GDRGDAGPK,581,589,1,872.422070031,0,0,Mastomys coucha,Mastomys,Murinae,Muridae,Rodentia,8,113,30.48
618,GAAGLPGPKGDR,572,583,1,1111.58468233843,1,0,Mastomys coucha,Mastomys,Murinae,Muridae,Rodentia,11,111,52.52
619,GAAGLPGPKGDR,572,583,1,1127.57883233843,2,0,Mastomys coucha,Mastomys,Murinae,Muridae,Rodentia,11,111,50.92
620,GAAGLPGPKGDR,572,583,1,1143.57298233843,3,0,Mastomys coucha,Mastomys,Murinae,Muridae,Rodentia,11,111,5.94
621,GDTGAPGAPGSQGAPGLQGMPGERGAAGLPGPK,548,580,1,2962.3936449932794,3,1,Mastomys coucha,Mastomys,Murinae,Muridae,Rodentia,32,109,1.71
622,GDTGAPGAPGSQGAPGLQGMPGERGAAGLPGPK,548,580,1,2994.3819449932794,5,1,Mastomys coucha,Mastomys,Murinae,Muridae,Rodentia,32,109,0.43
623,GDTGAPGAPGSQGAPGLQGMPGER,548,571,0,2228.9806055733197,4,0,Mastomys coucha,Mastomys,Murinae,Muridae,Rodentia,23,107,82.98
624,GDTGAPGAPGSQGAPGLQGMPGER,548,571,0,2229.9646215733196,4,1,Mastomys coucha,Mastomys,Murinae,Muridae,Rodentia,23,107,79.03
625,GDTGAPGAPGSQGAPGLQGMPGER,548,571,0,2244.9747555733197,5,0,Mastomys coucha,Mastomys,Murinae,Muridae,Rodentia,23,107,62.11
626,GDTGAPGAPGSQGAPGLQGMPGER,548,571,0,2245.9587715733196,5,1,Mastomys coucha,Mastomys,Murinae,Muridae,Rodentia,23,107,50.89
627,GDTGAPGAPGSQGAPGLQGMPGER,548,571,0,2230.94863757332,4,2,Mastomys coucha,Mastomys,Murinae,Muridae,Rodentia,23,107,42.84
628,GDTGAPGAPGSQGAPGLQGMPGER,548,571,0,2246.94278757332,5,2,Mastomys coucha,Mastomys,Murinae,Muridae,Rodentia,23,107,4.39
629,GNNGAPGNDGAKGDTGAPGAPGSQGAPGLQGMPGER,536,571,1,3298.42230623512,5,1,Mastomys coucha,Mastomys,Murinae,Muridae,Rodentia,35,105,50.88
630,GNNGAPGNDGAKGDTGAPGAPGSQGAPGLQGMPGER,536,571,1,3330.41060623512,7,1,Mastomys coucha,Mastomys,Murinae,Muridae,Rodentia,35,105,50.15
631,GNNGAPGNDGAKGDTGAPGAPGSQGAPGLQGMPGER,536,571,1,3297.43829023512,5,0,Mastomys coucha,Mastomys,Murinae,Muridae,Rodentia,35,105,46.15
632,GNNGAPGNDGAKGDTGAPGAPGSQGAPGLQGMPGER,536,571,1,3315.40047223512,6,2,Mastomys coucha,Mastomys,Murinae,Muridae,Rodentia,35,105,44.36
633,GNNGAPGNDGAKGDTGAPGAPGSQGAPGLQGMPGER,536,571,1,3329.42659023512,7,0,Mastomys coucha,Mastomys,Murinae,Muridae,Rodentia,35,105,40.2
634,GNNGAPGNDGAKGDTGAPGAPGSQGAPGLQGMPGER,536,571,1,3313.43244023512,6,0,Mastomys coucha,Mastomys,Murinae,Muridae,Rodentia,35,105,35.16
635,GNNGAPGNDGAKGDTGAPGAPGSQGAPGLQGMPGER,536,571,1,3314.41645623512,6,1,Mastomys coucha,Mastomys,Murinae,Muridae,Rodentia,35,105,34.71
636,GNNGAPGNDGAKGDTGAPGAPGSQGAPGLQGMPGER,536,571,1,3331.39462223512,7,2,Mastomys coucha,Mastomys,Murinae,Muridae,Rodentia,35,105,34.12
637,GNNGAPGNDGAKGDTGAPGAPGSQGAPGLQGMPGER,536,571,1,3316.38448823512,6,3,Mastomys coucha,Mastomys,Murinae,Muridae,Rodentia,35,105,17.01
638,GNNGAPGNDGAKGDTGAPGAPGSQGAPGLQGMPGER,536,571,1,3300.39033823512,5,3,Mastomys coucha,Mastomys,Murinae,Muridae,Rodentia,35,105,7.41
639,GNNGAPGNDGAKGDTGAPGAPGSQGAPGLQGMPGER,536,571,1,3249.45584023512,2,0,Mastomys coucha,Mastomys,Murinae,Muridae,Rodentia,35,105,3.64
640,GNNGAPGNDGAKGDTGAPGAPGSQGAPGLQGMPGER,536,571,1,3281.44414023512,4,0,Mastomys coucha,Mastomys,Murinae,Muridae,Rodentia,35,105,0.29
641,GNNGAPGNDGAK,536,547,0,1087.47552581227,1,0,Mastomys coucha,Mastomys,Murinae,Muridae,Rodentia,11,104,29.77
642,GNNGAPGNDGAK,536,547,0,1072.46539181227,0,1,Mastomys coucha,Mastomys,Murinae,Muridae,Rodentia,11,104,28.26
643,GNNGAPGNDGAK,536,547,0,1088.45954181227,1,1,Mastomys coucha,Mastomys,Murinae,Muridae,Rodentia,11,104,25.15
644,GVQGPPGPAGPRGNNGAPGNDGAK,524,547,1,2174.0318023165296,2,0,Mastomys coucha,Mastomys,Murinae,Muridae,Rodentia,23,103,23.53
645,GVQGPPGPAGPRGNNGAPGNDGAK,524,547,1,2175.0158183165295,2,1,Mastomys coucha,Mastomys,Murinae,Muridae,Rodentia,23,103,17.5
646,GVQGPPGPAGPRGNNGAPGNDGAK,524,547,1,2223.98228431653,5,2,Mastomys coucha,Mastomys,Murinae,Muridae,Rodentia,23,103,2.88
647,GVQGPPGPAGPR,524,535,0,1105.57411765473,1,0,Mastomys coucha,Mastomys,Murinae,Muridae,Rodentia,11,102,64.18
648,GVQGPPGPAGPR,524,535,0,1106.5581336547302,1,1,Mastomys coucha,Mastomys,Murinae,Muridae,Rodentia,11,102,56.8
649,GVQGPPGPAGPR,524,535,0,1089.57996765473,0,0,Mastomys coucha,Mastomys,Murinae,Muridae,Rodentia,11,102,50.62
650,GVQGPPGPAGPR,524,535,0,1122.5522836547302,2,1,Mastomys coucha,Mastomys,Murinae,Muridae,Rodentia,11,102,32.27
651,GVQGPPGPAGPR,524,535,0,1121.56826765473,2,0,Mastomys coucha,Mastomys,Murinae,Muridae,Rodentia,11,102,24.48
652,GVQGPPGPAGPR,524,535,0,1090.5639836547302,0,1,Mastomys coucha,Mastomys,Murinae,Muridae,Rodentia,11,102,20.78
653,GVQGPPGPAGPR,524,535,0,1138.5464336547302,3,1,Mastomys coucha,Mastomys,Murinae,Muridae,Rodentia,11,102,18.6
654,GVQGPPGPAGPR,524,535,0,1137.56241765473,3,0,Mastomys coucha,Mastomys,Murinae,Muridae,Rodentia,11,102,13.07
655,GVQGPPGPAGPR,524,535,0,1154.5405836547302,4,1,Mastomys coucha,Mastomys,Murinae,Muridae,Rodentia,11,102,2.35
656,GFPGERGVQGPPGPAGPR,518,535,1,1765.86009296928,2,1,Mastomys coucha,Mastomys,Murinae,Muridae,Rodentia,17,100,40.67
657,GFPGERGVQGPPGPAGPR,518,535,1,1764.87607696928,2,0,Mastomys coucha,Mastomys,Murinae,Muridae,Rodentia,17,100,28.1
658,GFPGERGVQGPPGPAGPR,518,535,1,1812.85852696928,5,0,Mastomys coucha,Mastomys,Murinae,Muridae,Rodentia,17,100,0.43
659,GERGFPGER,515,523,1,1020.4849682971598,1,0,Mastomys coucha,Mastomys,Murinae,Muridae,Rodentia,8,99,43.66
660,DGEAGAQGAPGPAGPAGER,451,469,0,1680.75645167264,1,0,Mastomys coucha,Mastomys,Murinae,Muridae,Rodentia,18,93,95.44
661,DGEAGAQGAPGPAGPAGER,451,469,0,1664.76230167264,0,0,Mastomys coucha,Mastomys,Murinae,Muridae,Rodentia,18,93,88.77
662,DGEAGAQGAPGPAGPAGER,451,469,0,1665.74631767264,0,1,Mastomys coucha,Mastomys,Murinae,Muridae,Rodentia,18,93,78.12
663,DGEAGAQGAPGPAGPAGER,451,469,0,1681.74046767264,1,1,Mastomys coucha,Mastomys,Murinae,Muridae,Rodentia,18,93,77.15
664,DGEAGAQGAPGPAGPAGER,451,469,0,1696.75060167264,2,0,Mastomys coucha,Mastomys,Murinae,Muridae,Rodentia,18,93,10.66
665,DGEAGAQGAPGPAGPAGER,451,469,0,1697.73461767264,2,1,Mastomys coucha,Mastomys,Murinae,Muridae,Rodentia,18,93,3.02
666,GVPGPPGAVGPAGKDGEAGAQGAPGPAGPAGER,437,469,1,2822.3808440802895,1,0,Mastomys coucha,Mastomys,Murinae,Muridae,Rodentia,32,92,37.65
667,GVPGPPGAVGPAGKDGEAGAQGAPGPAGPAGER,437,469,1,2854.3691440802895,3,0,Mastomys coucha,Mastomys,Murinae,Muridae,Rodentia,32,92,35.83
668,GVPGPPGAVGPAGKDGEAGAQGAPGPAGPAGER,437,469,1,2838.3749940802895,2,0,Mastomys coucha,Mastomys,Murinae,Muridae,Rodentia,32,92,32.41
669,GVPGPPGAVGPAGKDGEAGAQGAPGPAGPAGER,437,469,1,2855.3531600802894,3,1,Mastomys coucha,Mastomys,Murinae,Muridae,Rodentia,32,92,24.18
670,GVPGPPGAVGPAGKDGEAGAQGAPGPAGPAGER,437,469,1,2903.33561008029,6,1,Mastomys coucha,Mastomys,Murinae,Muridae,Rodentia,32,92,5.85
671,GVPGPPGAVGPAGK,437,450,0,1192.63053355812,2,0,Mastomys coucha,Mastomys,Murinae,Muridae,Rodentia,13,91,64.49
672,GVPGPPGAVGPAGK,437,450,0,1176.63638355812,1,0,Mastomys coucha,Mastomys,Murinae,Muridae,Rodentia,13,91,43.51
673,GVPGPPGAVGPAGK,437,450,0,1160.64223355812,0,0,Mastomys coucha,Mastomys,Murinae,Muridae,Rodentia,13,91,38.14
674,GVPGPPGAVGPAGK,437,450,0,1208.62468355812,3,0,Mastomys coucha,Mastomys,Murinae,Muridae,Rodentia,13,91,6.75
675,AGERGVPGPPGAVGPAGK,433,450,1,1605.83281517497,2,0,Mastomys coucha,Mastomys,Murinae,Muridae,Rodentia,17,89,34.39
676,AGERGVPGPPGAVGPAGK,433,450,1,1589.83866517497,1,0,Mastomys coucha,Mastomys,Murinae,Muridae,Rodentia,17,89,8.33
677,GTAGEPGKAGER,425,436,1,1129.55962613297,0,0,Mastomys coucha,Mastomys,Murinae,Muridae,Rodentia,11,87,47.95
678,GTAGEPGKAGER,425,436,1,1145.55377613297,1,0,Mastomys coucha,Mastomys,Murinae,Muridae,Rodentia,11,87,37.67
679,GTAGEPGKAGER,425,436,1,1161.54792613297,2,0,Mastomys coucha,Mastomys,Murinae,Muridae,Rodentia,11,87,3.04
680,GQAGVMGFPGPKGTAGEPGK,413,432,1,1906.89329413906,4,0,Mastomys coucha,Mastomys,Murinae,Muridae,Rodentia,19,84,40.01
681,GQAGVMGFPGPKGTAGEPGK,413,432,1,1890.89914413906,3,0,Mastomys coucha,Mastomys,Murinae,Muridae,Rodentia,19,84,35.92
682,GQAGVMGFPGPKGTAGEPGK,413,432,1,1874.90499413906,2,0,Mastomys coucha,Mastomys,Murinae,Muridae,Rodentia,19,84,32.89
683,GQAGVMGFPGPKGTAGEPGK,413,432,1,1891.88316013906,3,1,Mastomys coucha,Mastomys,Murinae,Muridae,Rodentia,19,84,21.52
684,GQAGVMGFPGPKGTAGEPGK,413,432,1,1907.87731013906,4,1,Mastomys coucha,Mastomys,Murinae,Muridae,Rodentia,19,84,17.8
685,GQAGVMGFPGPKGTAGEPGK,413,432,1,1875.88901013906,2,1,Mastomys coucha,Mastomys,Murinae,Muridae,Rodentia,19,84,15.59
686,GQAGVMGFPGPKGTAGEPGK,413,432,1,1922.88744413906,5,0,Mastomys coucha,Mastomys,Murinae,Muridae,Rodentia,19,84,4.17
687,GQAGVMGFPGPK,413,424,0,1177.56549077341,2,0,Mastomys coucha,Mastomys,Murinae,Muridae,Rodentia,11,83,74.37
688,GQAGVMGFPGPK,413,424,0,1161.57134077341,1,0,Mastomys coucha,Mastomys,Murinae,Muridae,Rodentia,11,83,71.65
689,GQAGVMGFPGPK,413,424,0,1178.54950677341,2,1,Mastomys coucha,Mastomys,Murinae,Muridae,Rodentia,11,83,68.81
690,GQAGVMGFPGPK,413,424,0,1162.55535677341,1,1,Mastomys coucha,Mastomys,Murinae,Muridae,Rodentia,11,83,64.82
691,GQAGVMGFPGPK,413,424,0,1193.55964077341,3,0,Mastomys coucha,Mastomys,Murinae,Muridae,Rodentia,11,83,60.64
692,GQAGVMGFPGPK,413,424,0,1194.54365677341,3,1,Mastomys coucha,Mastomys,Murinae,Muridae,Rodentia,11,83,51.35
693,GQAGVMGFPGPK,413,424,0,1145.57719077341,0,0,Mastomys coucha,Mastomys,Murinae,Muridae,Rodentia,11,83,30.05
694,GQAGVMGFPGPK,413,424,0,1209.55379077341,4,0,Mastomys coucha,Mastomys,Murinae,Muridae,Rodentia,11,83,18.68
695,GQAGVMGFPGPK,413,424,0,1210.53780677341,4,1,Mastomys coucha,Mastomys,Murinae,Muridae,Rodentia,11,83,11.88
696,TGPPGPAGQDGRPGPAGPPGARGQAGVMGFPGPK,391,424,1,3173.5142961581996,5,0,Mastomys coucha,Mastomys,Murinae,Muridae,Rodentia,33,79,3.86
697,TGPPGPAGQDGRPGPAGPPGARGQAGVMGFPGPK,391,424,1,3142.5100121581995,3,1,Mastomys coucha,Mastomys,Murinae,Muridae,Rodentia,33,79,0.38
698,TGPPGPAGQDGRPGPAGPPGAR,391,412,0,2030.96079653526,4,0,Mastomys coucha,Mastomys,Murinae,Muridae,Rodentia,21,78,48.62
699,TGPPGPAGQDGRPGPAGPPGAR,391,412,0,2015.95066253526,3,1,Mastomys coucha,Mastomys,Murinae,Muridae,Rodentia,21,78,40.38
700,TGPPGPAGQDGRPGPAGPPGAR,391,412,0,2031.94481253526,4,1,Mastomys coucha,Mastomys,Murinae,Muridae,Rodentia,21,78,40.2
701,TGPPGPAGQDGRPGPAGPPGAR,391,412,0,1998.97249653526,2,0,Mastomys coucha,Mastomys,Murinae,Muridae,Rodentia,21,78,37.31
702,TGPPGPAGQDGRPGPAGPPGAR,391,412,0,2014.96664653526,3,0,Mastomys coucha,Mastomys,Murinae,Muridae,Rodentia,21,78,36.53
703,TGPPGPAGQDGRPGPAGPPGAR,391,412,0,2046.95494653526,5,0,Mastomys coucha,Mastomys,Murinae,Muridae,Rodentia,21,78,23.69
704,TGPPGPAGQDGRPGPAGPPGAR,391,412,0,1999.95651253526,2,1,Mastomys coucha,Mastomys,Murinae,Muridae,Rodentia,21,78,16.32
705,TGPPGPAGQDGRPGPAGPPGAR,391,412,0,2047.93896253526,5,1,Mastomys coucha,Mastomys,Murinae,Muridae,Rodentia,21,78,9.21
706,GLTGSPGSPGPDGKTGPPGPAGQDGRPGPAGPPGAR,377,412,1,3287.5105779765695,7,1,Mastomys coucha,Mastomys,Murinae,Muridae,Rodentia,35,76,31.19
707,GLTGSPGSPGPDGKTGPPGPAGQDGRPGPAGPPGAR,377,412,1,3271.5164279765695,6,1,Mastomys coucha,Mastomys,Murinae,Muridae,Rodentia,35,76,29.7
708,GLTGSPGSPGPDGKTGPPGPAGQDGRPGPAGPPGAR,377,412,1,3270.5324119765696,6,0,Mastomys coucha,Mastomys,Murinae,Muridae,Rodentia,35,76,25.61
709,GLTGSPGSPGPDGK,377,390,0,1258.5894565917802,2,0,Mastomys coucha,Mastomys,Murinae,Muridae,Rodentia,13,74,63.69
710,GLTGSPGSPGPDGK,377,390,0,1242.5953065917802,1,0,Mastomys coucha,Mastomys,Murinae,Muridae,Rodentia,13,74,56.9
711,GLTGSPGSPGPDGK,377,390,0,1274.5836065917802,3,0,Mastomys coucha,Mastomys,Murinae,Muridae,Rodentia,13,74,9.58
712,GSPGEAGRPGEAGLPGAKGLTGSPGSPGPDGK,359,390,1,2911.3618244108197,6,0,Mastomys coucha,Mastomys,Murinae,Muridae,Rodentia,31,72,8.41
713,GSPGEAGRPGEAGLPGAK,359,376,0,1655.79605896951,3,0,Mastomys coucha,Mastomys,Murinae,Muridae,Rodentia,17,71,74.94
714,GSPGEAGRPGEAGLPGAK,359,376,0,1639.80190896951,2,0,Mastomys coucha,Mastomys,Murinae,Muridae,Rodentia,17,71,43.5
715,GSPGEAGRPGEAGLPGAK,359,376,0,1671.79020896951,4,0,Mastomys coucha,Mastomys,Murinae,Muridae,Rodentia,17,71,14.64
716,GAPGPAGPKGSPGEAGRPGEAGLPGAK,350,376,1,2420.17623226119,5,0,Mastomys coucha,Mastomys,Murinae,Muridae,Rodentia,26,69,26.57
717,GAPGPAGPKGSPGEAGRPGEAGLPGAK,350,376,1,2404.18208226119,4,0,Mastomys coucha,Mastomys,Murinae,Muridae,Rodentia,26,69,13.17
718,GPAGERGAPGPAGPK,344,358,1,1334.68037362842,1,0,Mastomys coucha,Mastomys,Murinae,Muridae,Rodentia,14,66,52.42
719,GPAGERGAPGPAGPK,344,358,1,1350.67452362842,2,0,Mastomys coucha,Mastomys,Murinae,Muridae,Rodentia,14,66,18.8
720,GPAGERGAPGPAGPK,344,358,1,1318.68622362842,0,0,Mastomys coucha,Mastomys,Murinae,Muridae,Rodentia,14,66,11.72
721,GPAGERGAPGPAGPK,344,358,1,1382.66282362842,4,0,Mastomys coucha,Mastomys,Murinae,Muridae,Rodentia,14,66,1.31
722,GFPGADGVAGPKGPAGER,332,349,1,1655.81284434995,1,0,Mastomys coucha,Mastomys,Murinae,Muridae,Rodentia,17,65,71.91
723,GFPGADGVAGPKGPAGER,332,349,1,1671.80699434995,2,0,Mastomys coucha,Mastomys,Murinae,Muridae,Rodentia,17,65,37.79
724,GFPGADGVAGPK,332,343,0,1088.53633516368,1,0,Mastomys coucha,Mastomys,Murinae,Muridae,Rodentia,11,64,66.75
725,GFPGADGVAGPK,332,343,0,1104.53048516368,2,0,Mastomys coucha,Mastomys,Murinae,Muridae,Rodentia,11,64,36.4
726,GGPGSRGFPGADGVAGPK,326,343,1,1615.78077960211,2,0,Mastomys coucha,Mastomys,Murinae,Muridae,Rodentia,17,63,46.11
727,GEPGPSGLPGPPGERGGPGSR,311,331,1,1978.91826301694,4,0,Mastomys coucha,Mastomys,Murinae,Muridae,Rodentia,20,62,31.37
728,GEPGPSGLPGPPGERGGPGSR,311,331,1,1962.92411301694,3,0,Mastomys coucha,Mastomys,Murinae,Muridae,Rodentia,20,62,17.26
729,GEPGPSGLPGPPGER,311,325,0,1451.67381857851,3,0,Mastomys coucha,Mastomys,Murinae,Muridae,Rodentia,14,61,77.47
730,GEPGPSGLPGPPGER,311,325,0,1435.67966857851,2,0,Mastomys coucha,Mastomys,Murinae,Muridae,Rodentia,14,61,51.69
731,GEPGPSGLPGPPGER,311,325,0,1467.66796857851,4,0,Mastomys coucha,Mastomys,Murinae,Muridae,Rodentia,14,61,10.03
732,GARGEPGPSGLPGPPGER,308,325,1,1735.83350710739,3,0,Mastomys coucha,Mastomys,Murinae,Muridae,Rodentia,17,58,44.67
733,GARGEPGPSGLPGPPGER,308,325,1,1719.83935710739,2,0,Mastomys coucha,Mastomys,Murinae,Muridae,Rodentia,17,58,14.94
734,GEPGPAGVQGPPGPAGEEGKR,287,307,1,1975.94527872791,2,0,Mastomys coucha,Mastomys,Murinae,Muridae,Rodentia,20,56,72.27
735,GEPGPAGVQGPPGPAGEEGKR,287,307,1,1976.92929472791,2,1,Mastomys coucha,Mastomys,Murinae,Muridae,Rodentia,20,56,71.89
736,GEPGPAGVQGPPGPAGEEGKR,287,307,1,1959.95112872791,1,0,Mastomys coucha,Mastomys,Murinae,Muridae,Rodentia,20,56,36.16
737,GEPGPAGVQGPPGPAGEEGKR,287,307,1,2008.91759472791,4,1,Mastomys coucha,Mastomys,Murinae,Muridae,Rodentia,20,56,3.85
738,GEPGPAGVQGPPGPAGEEGKR,287,307,1,1960.93514472791,1,1,Mastomys coucha,Mastomys,Murinae,Muridae,Rodentia,20,56,3.04
739,GEPGPAGVQGPPGPAGEEGK,287,306,0,1819.84416770431,2,0,Mastomys coucha,Mastomys,Murinae,Muridae,Rodentia,19,55,87.25
740,GEPGPAGVQGPPGPAGEEGK,287,306,0,1803.85001770431,1,0,Mastomys coucha,Mastomys,Murinae,Muridae,Rodentia,19,55,84.23
741,GEPGPAGVQGPPGPAGEEGK,287,306,0,1820.82818370431,2,1,Mastomys coucha,Mastomys,Murinae,Muridae,Rodentia,19,55,65.73
742,GEPGPAGVQGPPGPAGEEGK,287,306,0,1804.83403370431,1,1,Mastomys coucha,Mastomys,Murinae,Muridae,Rodentia,19,55,34.05
743,GDTGAKGEPGPAGVQGPPGPAGEEGK,281,306,1,2349.0937934363997,2,0,Mastomys coucha,Mastomys,Murinae,Muridae,Rodentia,25,53,36.89
744,GDTGAKGEPGPAGVQGPPGPAGEEGK,281,306,1,2365.0879434363997,3,0,Mastomys coucha,Mastomys,Murinae,Muridae,Rodentia,25,53,32.25
745,GDTGAKGEPGPAGVQGPPGPAGEEGK,281,306,1,2350.0778094363995,2,1,Mastomys coucha,Mastomys,Murinae,Muridae,Rodentia,25,53,24.84
746,GNSGEPGAPGNKGDTGAK,269,286,1,1645.73970263577,2,0,Mastomys coucha,Mastomys,Murinae,Muridae,Rodentia,17,51,62.22
747,GNSGEPGAPGNKGDTGAK,269,286,1,1661.73385263577,3,0,Mastomys coucha,Mastomys,Murinae,Muridae,Rodentia,17,51,61.77
748,GNSGEPGAPGNKGDTGAK,269,286,1,1629.74555263577,1,0,Mastomys coucha,Mastomys,Murinae,Muridae,Rodentia,17,51,17.86
749,GNSGEPGAPGNKGDTGAK,269,286,1,1646.7237186357702,2,1,Mastomys coucha,Mastomys,Murinae,Muridae,Rodentia,17,51,10.56
750,GNSGEPGAPGNK,269,280,0,1100.49592690368,1,0,Mastomys coucha,Mastomys,Murinae,Muridae,Rodentia,11,50,37.92
751,GNSGEPGAPGNK,269,280,0,1116.49007690368,2,0,Mastomys coucha,Mastomys,Murinae,Muridae,Rodentia,11,50,36.94
752,GPSGPQGPSGAPGPKGNSGEPGAPGNK,254,280,1,2405.0940918633096,3,1,Mastomys coucha,Mastomys,Murinae,Muridae,Rodentia,26,48,29.0
753,GPSGPQGPSGAPGPKGNSGEPGAPGNK,254,280,1,2404.1100758633097,3,0,Mastomys coucha,Mastomys,Murinae,Muridae,Rodentia,26,48,25.86
754,GPSGPQGPSGAPGPKGNSGEPGAPGNK,254,280,1,2421.0882418633096,4,1,Mastomys coucha,Mastomys,Murinae,Muridae,Rodentia,26,48,23.84
755,GPSGPQGPSGAPGPKGNSGEPGAPGNK,254,280,1,2420.1042258633097,4,0,Mastomys coucha,Mastomys,Murinae,Muridae,Rodentia,26,48,14.86
756,GPSGPQGPSGAPGPKGNSGEPGAPGNK,254,280,1,2438.06640786331,5,2,Mastomys coucha,Mastomys,Murinae,Muridae,Rodentia,26,48,5.67
757,GPSGPQGPSGAPGPKGNSGEPGAPGNK,254,280,1,2437.0823918633096,5,1,Mastomys coucha,Mastomys,Murinae,Muridae,Rodentia,26,48,4.89
758,GPSGPQGPSGAPGPKGNSGEPGAPGNK,254,280,1,2373.1057918633096,1,1,Mastomys coucha,Mastomys,Murinae,Muridae,Rodentia,26,48,2.68
759,GPSGPQGPSGAPGPK,254,268,0,1322.6319901101,2,0,Mastomys coucha,Mastomys,Murinae,Muridae,Rodentia,14,47,86.17
760,GPSGPQGPSGAPGPK,254,268,0,1306.6378401101,1,0,Mastomys coucha,Mastomys,Murinae,Muridae,Rodentia,14,47,85.7
761,GPSGPQGPSGAPGPK,254,268,0,1307.6218561101002,1,1,Mastomys coucha,Mastomys,Murinae,Muridae,Rodentia,14,47,74.32
762,GPSGPQGPSGAPGPK,254,268,0,1323.6160061101002,2,1,Mastomys coucha,Mastomys,Murinae,Muridae,Rodentia,14,47,69.44
763,GPSGPQGPSGAPGPK,254,268,0,1338.6261401101,3,0,Mastomys coucha,Mastomys,Murinae,Muridae,Rodentia,14,47,68.22
764,GPSGPQGPSGAPGPK,254,268,0,1339.6101561101002,3,1,Mastomys coucha,Mastomys,Murinae,Muridae,Rodentia,14,47,36.51
765,GPSGPQGPSGAPGPK,254,268,0,1355.6043061101002,4,1,Mastomys coucha,Mastomys,Murinae,Muridae,Rodentia,14,47,5.53
766,GPSGPQGPSGAPGPK,254,268,0,1354.6202901101,4,0,Mastomys coucha,Mastomys,Murinae,Muridae,Rodentia,14,47,5.2
767,GANGAPGIAGAPGFPGARGPSGPQGPSGAPGPK,236,268,1,2874.373465258479,4,1,Mastomys coucha,Mastomys,Murinae,Muridae,Rodentia,32,45,17.08
768,GANGAPGIAGAPGFPGARGPSGPQGPSGAPGPK,236,268,1,2921.3718992584795,7,0,Mastomys coucha,Mastomys,Murinae,Muridae,Rodentia,32,45,0.15
769,GANGAPGIAGAPGFPGAR,236,253,0,1586.75346629885,3,1,Mastomys coucha,Mastomys,Murinae,Muridae,Rodentia,17,44,82.83
770,GANGAPGIAGAPGFPGAR,236,253,0,1585.76945029885,3,0,Mastomys coucha,Mastomys,Murinae,Muridae,Rodentia,17,44,82.26
771,GANGAPGIAGAPGFPGAR,236,253,0,1569.77530029885,2,0,Mastomys coucha,Mastomys,Murinae,Muridae,Rodentia,17,44,20.61
772,GANGAPGIAGAPGFPGAR,236,253,0,1570.75931629885,2,1,Mastomys coucha,Mastomys,Murinae,Muridae,Rodentia,17,44,11.57
773,GEPGPPGPAGAAGPAGNPGADGQPGAK,209,235,0,2316.0456483580297,4,0,Mastomys coucha,Mastomys,Murinae,Muridae,Rodentia,26,42,66.19
774,GEPGPPGPAGAAGPAGNPGADGQPGAK,209,235,0,2317.0296643580295,4,1,Mastomys coucha,Mastomys,Murinae,Muridae,Rodentia,26,42,63.43
775,GEPGPPGPAGAAGPAGNPGADGQPGAK,209,235,0,2332.0397983580297,5,0,Mastomys coucha,Mastomys,Murinae,Muridae,Rodentia,26,42,54.14
776,GEPGPPGPAGAAGPAGNPGADGQPGAK,209,235,0,2333.0238143580295,5,1,Mastomys coucha,Mastomys,Murinae,Muridae,Rodentia,26,42,44.93
777,GEPGPPGPAGAAGPAGNPGADGQPGAK,209,235,0,2348.0339483580296,6,0,Mastomys coucha,Mastomys,Murinae,Muridae,Rodentia,26,42,35.96
778,GEPGPPGPAGAAGPAGNPGADGQPGAK,209,235,0,2301.0355143580296,3,1,Mastomys coucha,Mastomys,Murinae,Muridae,Rodentia,26,42,35.32
779,GEPGPPGPAGAAGPAGNPGADGQPGAK,209,235,0,2300.0514983580297,3,0,Mastomys coucha,Mastomys,Murinae,Muridae,Rodentia,26,42,34.9
780,GEPGPPGPAGAAGPAGNPGADGQPGAK,209,235,0,2318.01368035803,4,2,Mastomys coucha,Mastomys,Murinae,Muridae,Rodentia,26,42,26.84
781,GEPGPPGPAGAAGPAGNPGADGQPGAK,209,235,0,2302.01953035803,3,2,Mastomys coucha,Mastomys,Murinae,Muridae,Rodentia,26,42,14.53
782,GEPGPPGPAGAAGPAGNPGADGQPGAK,209,235,0,2284.0573483580297,2,0,Mastomys coucha,Mastomys,Murinae,Muridae,Rodentia,26,42,1.42
783,GEPGPPGPAGAAGPAGNPGADGQPGAK,209,235,0,2285.0413643580296,2,1,Mastomys coucha,Mastomys,Murinae,Muridae,Rodentia,26,42,0.73
784,GEPGPPGPAGAAGPAGNPGADGQPGAK,209,235,0,2334.00783035803,5,2,Mastomys coucha,Mastomys,Murinae,Muridae,Rodentia,26,42,0.5
785,GSEGPQGVRGEPGPPGPAGAAGPAGNPGADGQPGAK,200,235,1,3184.4495433026996,4,1,Mastomys coucha,Mastomys,Murinae,Muridae,Rodentia,35,41,53.77
786,GSEGPQGVRGEPGPPGPAGAAGPAGNPGADGQPGAK,200,235,1,3183.4655273026997,4,0,Mastomys coucha,Mastomys,Murinae,Muridae,Rodentia,35,41,48.95
787,GSEGPQGVRGEPGPPGPAGAAGPAGNPGADGQPGAK,200,235,1,3199.4596773026997,5,0,Mastomys coucha,Mastomys,Murinae,Muridae,Rodentia,35,41,44.35
788,GSEGPQGVRGEPGPPGPAGAAGPAGNPGADGQPGAK,200,235,1,3168.4553933026996,3,1,Mastomys coucha,Mastomys,Murinae,Muridae,Rodentia,35,41,38.57
789,GSEGPQGVRGEPGPPGPAGAAGPAGNPGADGQPGAK,200,235,1,3170.4234253027,3,3,Mastomys coucha,Mastomys,Murinae,Muridae,Rodentia,35,41,31.41
790,GSEGPQGVRGEPGPPGPAGAAGPAGNPGADGQPGAK,200,235,1,3167.4713773026997,3,0,Mastomys coucha,Mastomys,Murinae,Muridae,Rodentia,35,41,28.05
791,GSEGPQGVRGEPGPPGPAGAAGPAGNPGADGQPGAK,200,235,1,3200.4436933026996,5,1,Mastomys coucha,Mastomys,Murinae,Muridae,Rodentia,35,41,21.46
792,GSEGPQGVRGEPGPPGPAGAAGPAGNPGADGQPGAK,200,235,1,3169.4394093027,3,2,Mastomys coucha,Mastomys,Murinae,Muridae,Rodentia,35,41,15.06
793,GSEGPQGVRGEPGPPGPAGAAGPAGNPGADGQPGAK,200,235,1,3185.4335593027,4,2,Mastomys coucha,Mastomys,Murinae,Muridae,Rodentia,35,41,5.61
794,GSEGPQGVRGEPGPPGPAGAAGPAGNPGADGQPGAK,200,235,1,3201.4277093027,5,2,Mastomys coucha,Mastomys,Murinae,Muridae,Rodentia,35,41,0.79
795,GSEGPQGVRGEPGPPGPAGAAGPAGNPGADGQPGAK,200,235,1,3153.4452593027,2,2,Mastomys coucha,Mastomys,Murinae,Muridae,Rodentia,35,41,0.3
796,GSEGPQGVR,200,208,0,886.4377200951399,0,0,Mastomys coucha,Mastomys,Murinae,Muridae,Rodentia,8,40,72.74
797,GSEGPQGVR,200,208,0,887.4217360951399,0,1,Mastomys coucha,Mastomys,Murinae,Muridae,Rodentia,8,40,52.04
798,GEAGPQGTRGSEGPQGVR,191,208,1,1739.84194897567,0,0,Mastomys coucha,Mastomys,Murinae,Muridae,Rodentia,17,39,37.31
799,GEAGPQGTRGSEGPQGVR,191,208,1,1740.82596497567,0,1,Mastomys coucha,Mastomys,Murinae,Muridae,Rodentia,17,39,17.99
800,GEAGPQGTRGSEGPQGVR,191,208,1,1756.82011497567,1,1,Mastomys coucha,Mastomys,Murinae,Muridae,Rodentia,17,39,5.03
801,GEAGPQGTR,191,199,0,872.4220700309999,0,0,Mastomys coucha,Mastomys,Murinae,Muridae,Rodentia,8,38,41.39
802,GEAGPQGTR,191,199,0,873.4060860309999,0,1,Mastomys coucha,Mastomys,Murinae,Muridae,Rodentia,8,38,35.95
803,GNDGAVGAAGPPGPMGPAGPPGFPGAVGAKGEAGPQGTR,161,199,1,3446.59991301784,4,1,Mastomys coucha,Mastomys,Murinae,Muridae,Rodentia,38,37,54.74
804,GNDGAVGAAGPPGPMGPAGPPGFPGAVGAKGEAGPQGTR,161,199,1,3430.60576301784,3,1,Mastomys coucha,Mastomys,Murinae,Muridae,Rodentia,38,37,44.01
805,GNDGAVGAAGPPGPMGPAGPPGFPGAVGAKGEAGPQGTR,161,199,1,3429.62174701784,3,0,Mastomys coucha,Mastomys,Murinae,Muridae,Rodentia,38,37,36.37
806,GNDGAVGAAGPPGPMGPAGPPGFPGAVGAKGEAGPQGTR,161,199,1,3445.61589701784,4,0,Mastomys coucha,Mastomys,Murinae,Muridae,Rodentia,38,37,30.19
807,GNDGAVGAAGPPGPMGPAGPPGFPGAVGAKGEAGPQGTR,161,199,1,3414.61161301784,2,1,Mastomys coucha,Mastomys,Murinae,Muridae,Rodentia,38,37,8.4
808,GNDGAVGAAGPPGPMGPAGPPGFPGAVGAKGEAGPQGTR,161,199,1,3495.56637901784,7,2,Mastomys coucha,Mastomys,Murinae,Muridae,Rodentia,38,37,5.22
809,GNDGAVGAAGPPGPMGPAGPPGFPGAVGAKGEAGPQGTR,161,199,1,3477.60419701784,6,0,Mastomys coucha,Mastomys,Murinae,Muridae,Rodentia,38,37,1.65
810,GNDGAVGAAGPPGPMGPAGPPGFPGAVGAK,161,190,0,2592.21166813731,4,0,Mastomys coucha,Mastomys,Murinae,Muridae,Rodentia,29,36,73.36
811,GNDGAVGAAGPPGPMGPAGPPGFPGAVGAK,161,190,0,2560.22336813731,2,0,Mastomys coucha,Mastomys,Murinae,Muridae,Rodentia,29,36,66.72
812,GNDGAVGAAGPPGPMGPAGPPGFPGAVGAK,161,190,0,2576.21751813731,3,0,Mastomys coucha,Mastomys,Murinae,Muridae,Rodentia,29,36,64.65
813,GNDGAVGAAGPPGPMGPAGPPGFPGAVGAK,161,190,0,2577.20153413731,3,1,Mastomys coucha,Mastomys,Murinae,Muridae,Rodentia,29,36,60.37
814,GNDGAVGAAGPPGPMGPAGPPGFPGAVGAK,161,190,0,2593.19568413731,4,1,Mastomys coucha,Mastomys,Murinae,Muridae,Rodentia,29,36,59.19
815,GNDGAVGAAGPPGPMGPAGPPGFPGAVGAK,161,190,0,2544.22921813731,1,0,Mastomys coucha,Mastomys,Murinae,Muridae,Rodentia,29,36,27.59
816,GNDGAVGAAGPPGPMGPAGPPGFPGAVGAK,161,190,0,2561.20738413731,2,1,Mastomys coucha,Mastomys,Murinae,Muridae,Rodentia,29,36,25.01
817,GRPGPPGTAGAR,149,160,0,1125.57441566433,2,0,Mastomys coucha,Mastomys,Murinae,Muridae,Rodentia,11,33,54.71
818,GRPGPPGTAGAR,149,160,0,1109.58026566433,1,0,Mastomys coucha,Mastomys,Murinae,Muridae,Rodentia,11,33,35.46
819,GRPGPPGTAGAR,149,160,0,1141.56856566433,3,0,Mastomys coucha,Mastomys,Murinae,Muridae,Rodentia,11,33,25.12
820,GLPGERGRPGPPGTAGAR,143,160,1,1734.89787504302,2,0,Mastomys coucha,Mastomys,Murinae,Muridae,Rodentia,17,31,28.48
821,GLPGERGRPGPPGTAGAR,143,160,1,1750.89202504302,3,0,Mastomys coucha,Mastomys,Murinae,Muridae,Rodentia,17,31,23.09
822,GEPGSPGENGAPGQMGPRGLPGER,125,148,1,2352.0610174959097,3,0,Mastomys coucha,Mastomys,Murinae,Muridae,Rodentia,23,29,1.4
823,GEPGSPGENGAPGQMGPR,125,142,0,1742.73755811722,3,0,Mastomys coucha,Mastomys,Murinae,Muridae,Rodentia,17,28,90.41
824,GEPGSPGENGAPGQMGPR,125,142,0,1743.72157411722,3,1,Mastomys coucha,Mastomys,Murinae,Muridae,Rodentia,17,28,88.08
825,GEPGSPGENGAPGQMGPR,125,142,0,1759.71572411722,4,1,Mastomys coucha,Mastomys,Murinae,Muridae,Rodentia,17,28,84.32
826,GEPGSPGENGAPGQMGPR,125,142,0,1744.70559011722,3,2,Mastomys coucha,Mastomys,Murinae,Muridae,Rodentia,17,28,79.02
827,GEPGSPGENGAPGQMGPR,125,142,0,1758.73170811722,4,0,Mastomys coucha,Mastomys,Murinae,Muridae,Rodentia,17,28,73.58
828,GEPGSPGENGAPGQMGPR,125,142,0,1760.69974011722,4,2,Mastomys coucha,Mastomys,Murinae,Muridae,Rodentia,17,28,69.52
829,GEPGSPGENGAPGQMGPR,125,142,0,1774.72585811722,5,0,Mastomys coucha,Mastomys,Murinae,Muridae,Rodentia,17,28,61.0
830,GEPGSPGENGAPGQMGPR,125,142,0,1727.7274241172202,2,1,Mastomys coucha,Mastomys,Murinae,Muridae,Rodentia,17,28,32.02
831,GEPGSPGENGAPGQMGPR,125,142,0,1775.70987411722,5,1,Mastomys coucha,Mastomys,Murinae,Muridae,Rodentia,17,28,29.97
832,GEPGSPGENGAPGQMGPR,125,142,0,1726.74340811722,2,0,Mastomys coucha,Mastomys,Murinae,Muridae,Rodentia,17,28,4.74
833,GEPGSPGENGAPGQMGPR,125,142,0,1728.71144011722,2,2,Mastomys coucha,Mastomys,Murinae,Muridae,Rodentia,17,28,4.0
834,GEPGSPGENGAPGQMGPR,125,142,0,1711.7332741172202,1,1,Mastomys coucha,Mastomys,Murinae,Muridae,Rodentia,17,28,2.49
835,GDAGPAGPKGEPGSPGENGAPGQMGPR,116,142,1,2494.0876265838797,3,1,Mastomys coucha,Mastomys,Murinae,Muridae,Rodentia,26,26,63.16
836,GDAGPAGPKGEPGSPGENGAPGQMGPR,116,142,1,2509.09776058388,4,0,Mastomys coucha,Mastomys,Murinae,Muridae,Rodentia,26,26,51.41
837,GDAGPAGPKGEPGSPGENGAPGQMGPR,116,142,1,2526.0759265838797,5,1,Mastomys coucha,Mastomys,Murinae,Muridae,Rodentia,26,26,49.61
838,GDAGPAGPKGEPGSPGENGAPGQMGPR,116,142,1,2510.0817765838797,4,1,Mastomys coucha,Mastomys,Murinae,Muridae,Rodentia,26,26,46.32
839,GDAGPAGPKGEPGSPGENGAPGQMGPR,116,142,1,2493.10361058388,3,0,Mastomys coucha,Mastomys,Murinae,Muridae,Rodentia,26,26,46.3
840,GDAGPAGPKGEPGSPGENGAPGQMGPR,116,142,1,2525.09191058388,5,0,Mastomys coucha,Mastomys,Murinae,Muridae,Rodentia,26,26,39.95
841,GDAGPAGPKGEPGSPGENGAPGQMGPR,116,142,1,2527.05994258388,5,2,Mastomys coucha,Mastomys,Murinae,Muridae,Rodentia,26,26,37.04
842,GDAGPAGPKGEPGSPGENGAPGQMGPR,116,142,1,2511.06579258388,4,2,Mastomys coucha,Mastomys,Murinae,Muridae,Rodentia,26,26,35.95
843,GDAGPAGPKGEPGSPGENGAPGQMGPR,116,142,1,2495.07164258388,3,2,Mastomys coucha,Mastomys,Murinae,Muridae,Rodentia,26,26,33.77
844,GDAGPAGPKGEPGSPGENGAPGQMGPR,116,142,1,2542.0700765838797,6,1,Mastomys coucha,Mastomys,Murinae,Muridae,Rodentia,26,26,22.52
845,GDAGPAGPKGEPGSPGENGAPGQMGPR,116,142,1,2477.10946058388,2,0,Mastomys coucha,Mastomys,Murinae,Muridae,Rodentia,26,26,1.76
846,GFSGLDGAKGDAGPAGPK,107,124,1,1617.78596089577,1,0,Mastomys coucha,Mastomys,Murinae,Muridae,Rodentia,17,23,79.88
847,GFSGLDGAKGDAGPAGPK,107,124,1,1601.79181089577,0,0,Mastomys coucha,Mastomys,Murinae,Muridae,Rodentia,17,23,78.62
848,GFSGLDGAK,107,115,0,867.4199084291099,1,0,Mastomys coucha,Mastomys,Murinae,Muridae,Rodentia,8,22,46.11
849,GFSGLDGAK,107,115,0,851.4257584291099,0,0,Mastomys coucha,Mastomys,Murinae,Muridae,Rodentia,8,22,41.79
850,GHRGFSGLDGAK,104,115,1,1201.60724503173,0,0,Mastomys coucha,Mastomys,Murinae,Muridae,Rodentia,11,21,48.14
851,GLPGTAGLPGMKGHR,92,106,1,1512.75567846744,4,0,Mastomys coucha,Mastomys,Murinae,Muridae,Rodentia,14,20,9.47
852,GLPGTAGLPGMKGHR,92,106,1,1496.76152846744,3,0,Mastomys coucha,Mastomys,Murinae,Muridae,Rodentia,14,20,8.18
853,GLPGTAGLPGMK,92,103,0,1130.58589186482,2,0,Mastomys coucha,Mastomys,Murinae,Muridae,Rodentia,11,19,50.66
854,GLPGTAGLPGMK,92,103,0,1146.58004186482,3,0,Mastomys coucha,Mastomys,Murinae,Muridae,Rodentia,11,19,37.56
855,GLPGTAGLPGMK,92,103,0,1162.57419186482,4,0,Mastomys coucha,Mastomys,Murinae,Muridae,Rodentia,11,19,22.27
856,GPPGPQGARGLPGTAGLPGMK,83,103,1,1980.9776928866704,4,1,Mastomys coucha,Mastomys,Murinae,Muridae,Rodentia,20,17,5.71
857,GPPGPQGARGLPGTAGLPGMK,83,103,1,1932.01122688667,1,0,Mastomys coucha,Mastomys,Murinae,Muridae,Rodentia,20,17,4.55
858,GPPGPQGAR,83,91,0,852.4314761723199,1,0,Mastomys coucha,Mastomys,Murinae,Muridae,Rodentia,8,16,39.1
859,GPPGPQGAR,83,91,0,853.4154921723199,1,1,Mastomys coucha,Mastomys,Murinae,Muridae,Rodentia,8,16,30.08
860,GPPGPQGAR,83,91,0,884.4197761723199,3,0,Mastomys coucha,Mastomys,Murinae,Muridae,Rodentia,8,16,14.66
861,GPPGPQGAR,83,91,0,836.4373261723199,0,0,Mastomys coucha,Mastomys,Murinae,Muridae,Rodentia,8,16,1.92
862,GPPGPQGAR,83,91,0,868.4256261723199,2,0,Mastomys coucha,Mastomys,Murinae,Muridae,Rodentia,8,16,1.67
863,NGDDGEAGKPGRPGER,67,82,0,1627.74113596167,1,0,Mastomys coucha,Mastomys,Murinae,Muridae,Rodentia,15,10,45.54
864,NGDDGEAGKPGRPGER,67,82,0,1628.72515196167,1,1,Mastomys coucha,Mastomys,Murinae,Muridae,Rodentia,15,10,41.7
865,NGDDGEAGKPGRPGER,67,82,0,1644.71930196167,2,1,Mastomys coucha,Mastomys,Murinae,Muridae,Rodentia,15,10,31.64
866,NGDDGEAGKPGRPGER,67,82,0,1643.73528596167,2,0,Mastomys coucha,Mastomys,Murinae,Muridae,Rodentia,15,10,27.09
867,GLPGPPGAPGPQGFQGPPGEPGEPGASGPMGPR,26,58,0,3132.3902154009897,8,0,Mastomys coucha,Mastomys,Murinae,Muridae,Rodentia,32,6,25.15
868,GLPGPPGAPGPQGFQGPPGEPGEPGASGPMGPR,26,58,0,3116.3960654009898,7,0,Mastomys coucha,Mastomys,Murinae,Muridae,Rodentia,32,6,23.88
869,GLPGPPGAPGPQGFQGPPGEPGEPGASGPMGPR,26,58,0,3100.4019154009898,6,0,Mastomys coucha,Mastomys,Murinae,Muridae,Rodentia,32,6,23.18
870,GLPGPPGAPGPQGFQGPPGEPGEPGASGPMGPR,26,58,0,3084.40776540099,5,0,Mastomys coucha,Mastomys,Murinae,Muridae,Rodentia,32,6,19.61
871,GLPGPPGAPGPQGFQGPPGEPGEPGASGPMGPR,26,58,0,3101.3859314009896,6,1,Mastomys coucha,Mastomys,Murinae,Muridae,Rodentia,32,6,19.6
872,GLPGPPGAPGPQGFQGPPGEPGEPGASGPMGPR,26,58,0,3068.41361540099,4,0,Mastomys coucha,Mastomys,Murinae,Muridae,Rodentia,32,6,19.42
873,GLPGPPGAPGPQGFQGPPGEPGEPGASGPMGPR,26,58,0,3085.3917814009897,5,1,Mastomys coucha,Mastomys,Murinae,Muridae,Rodentia,32,6,15.91
874,GLPGPPGAPGPQGFQGPPGEPGEPGASGPMGPR,26,58,0,3133.3742314009896,8,1,Mastomys coucha,Mastomys,Murinae,Muridae,Rodentia,32,6,15.67
875,GLPGPPGAPGPQGFQGPPGEPGEPGASGPMGPR,26,58,0,3117.3800814009896,7,1,Mastomys coucha,Mastomys,Murinae,Muridae,Rodentia,32,6,11.46
876,GLPGPPGAPGPQGFQGPPGEPGEPGASGPMGPR,26,58,0,3118.36409740099,7,2,Mastomys coucha,Mastomys,Murinae,Muridae,Rodentia,32,6,10.05
877,GLPGPPGAPGPQGFQGPPGEPGEPGASGPMGPR,26,58,0,3052.41946540099,3,0,Mastomys coucha,Mastomys,Murinae,Muridae,Rodentia,32,6,8.05
878,GLPGPPGAPGPQGFQGPPGEPGEPGASGPMGPR,26,58,0,3102.36994740099,6,2,Mastomys coucha,Mastomys,Murinae,Muridae,Rodentia,32,6,5.98
879,GLPGPPGAPGPQGFQGPPGEPGEPGASGPMGPR,26,58,0,3165.3625314009896,10,1,Mastomys coucha,Mastomys,Murinae,Muridae,Rodentia,32,6,3.27
880,GLPGPPGAPGPQGFQGPPGEPGEPGASGPMGPR,26,58,0,3037.4093314009897,2,1,Mastomys coucha,Mastomys,Murinae,Muridae,Rodentia,32,6,0.11
881,SAGVSVPGPMGPSGPR,10,25,0,1468.72052418824,1,0,Mastomys coucha,Mastomys,Murinae,Muridae,Rodentia,15,4,52.58
882,SAGVSVPGPMGPSGPR,10,25,0,1452.72637418824,0,0,Mastomys coucha,Mastomys,Murinae,Muridae,Rodentia,15,4,45.79
883,SAGVSVPGPMGPSGPR,10,25,0,1484.71467418824,2,0,Mastomys coucha,Mastomys,Murinae,Muridae,Rodentia,15,4,38.58
884,SAGVSVPGPMGPSGPR,10,25,0,1500.70882418824,3,0,Mastomys coucha,Mastomys,Murinae,Muridae,Rodentia,15,4,13.87
885,QMSYGYDEKSAGVSVPGPMGPSGPR,1,25,1,2586.1583849222498,2,0,Mastomys coucha,Mastomys,Murinae,Muridae,Rodentia,24,2,3.72
886,QMSYGYDEK,1,9,0,1120.46155188448,0,0,Mastomys coucha,Mastomys,Murinae,Muridae,Rodentia,8,1,41.74
887,QMSYGYDEK,1,9,0,1136.45570188448,1,0,Mastomys coucha,Mastomys,Murinae,Muridae,Rodentia,8,1,38.97
